1.671700716018676758e+00
1.627971529960632324e+00
0.000000000000000000e+00
1.194095230102539062e+01
4.242661893367767334e-01
0.000000000000000000e+00
1.382298350334167480e+00
8.444272041320800781e+00
0.000000000000000000e+00
0.000000000000000000e+00
6.250251829624176025e-02
0.000000000000000000e+00
0.000000000000000000e+00
2.264220118522644043e-01
1.228613018989562988e+00
0.000000000000000000e+00
0.000000000000000000e+00
0.000000000000000000e+00
3.004528582096099854e-02
0.000000000000000000e+00
6.653182506561279297e-01
0.000000000000000000e+00
0.000000000000000000e+00
0.000000000000000000e+00
0.000000000000000000e+00
0.000000000000000000e+00
1.544122457504272461e+00
0.000000000000000000e+00
2.604744911193847656e+00
0.000000000000000000e+00
2.224233150482177734e+00
4.167864322662353516e-01
4.424095630645751953e+00
4.616169035434722900e-01
2.232726573944091797e+00
0.000000000000000000e+00
3.519617080688476562e+00
1.704514473676681519e-01
8.595752716064453125e-02
0.000000000000000000e+00
9.033778905868530273e-01
9.105265140533447266e-01
3.375646891072392464e-03
1.925061345100402832e+00
0.000000000000000000e+00
3.122542142868041992e+00
6.317939162254333496e-01
1.246224021911621094e+01
0.000000000000000000e+00
3.380343317985534668e-02
0.000000000000000000e+00
0.000000000000000000e+00
3.183269500732421875e-02
0.000000000000000000e+00
0.000000000000000000e+00
0.000000000000000000e+00
1.063209250569343567e-01
0.000000000000000000e+00
6.794486641883850098e-01
1.828837513923645020e+00
2.330852746963500977e-01
0.000000000000000000e+00
9.041217803955078125e+00
1.638140082359313965e+00
0.000000000000000000e+00
2.946304559707641602e+00
0.000000000000000000e+00
0.000000000000000000e+00
0.000000000000000000e+00
8.628630638122558594e-02
1.824281096458435059e+00
7.882484912872314453e+00
5.287913605570793152e-02
1.089116573333740234e+01
1.654219269752502441e+00
0.000000000000000000e+00
8.132215499877929688e+00
0.000000000000000000e+00
0.000000000000000000e+00
0.000000000000000000e+00
5.012257575988769531e+00
7.425853051245212555e-03
0.000000000000000000e+00
0.000000000000000000e+00
0.000000000000000000e+00
1.034962385892868042e-01
1.397425055503845215e+00
4.430007040500640869e-01
0.000000000000000000e+00
5.107298493385314941e-01
6.893478799611330032e-03
9.338688105344772339e-02
1.132543563842773438e+00
0.000000000000000000e+00
2.854336977005004883e+00
0.000000000000000000e+00
6.005699634552001953e+00
6.752423763275146484e+00
1.657655596733093262e+00
0.000000000000000000e+00
9.094920754432678223e-01
2.868808805942535400e-01
0.000000000000000000e+00
0.000000000000000000e+00
1.409018784761428833e-01
5.569465830922126770e-02
6.365473270416259766e-01
0.000000000000000000e+00
0.000000000000000000e+00
6.430637836456298828e+00
0.000000000000000000e+00
5.319309234619140625e+00
1.864436864852905273e+00
1.470831185579299927e-01
0.000000000000000000e+00
0.000000000000000000e+00
3.469103574752807617e+00
0.000000000000000000e+00
0.000000000000000000e+00
1.472154498100280762e+00
0.000000000000000000e+00
0.000000000000000000e+00
2.420995235443115234e-01
3.692890405654907227e-01
7.512756347656250000e+00
0.000000000000000000e+00
0.000000000000000000e+00
1.462023019790649414e+00
0.000000000000000000e+00
8.175214529037475586e-01
0.000000000000000000e+00
6.714286804199218750e-01
5.107661724090576172e+00
0.000000000000000000e+00
0.000000000000000000e+00
0.000000000000000000e+00
1.137840077280998230e-01
5.917833000421524048e-02
7.421814203262329102e-01
0.000000000000000000e+00
3.472140757367014885e-03
0.000000000000000000e+00
0.000000000000000000e+00
0.000000000000000000e+00
0.000000000000000000e+00
1.038337796926498413e-01
4.098164290189743042e-02
2.559733390808105469e+00
7.965131402015686035e-01
1.487767547369003296e-01
5.188932418823242188e-01
1.719639778137207031e+01
5.745504379272460938e+00
1.918890774250030518e-01
9.318542480468750000e-01
3.875279799103736877e-03
0.000000000000000000e+00
0.000000000000000000e+00
6.102625653147697449e-02
0.000000000000000000e+00
9.784188121557235718e-02
3.762203752994537354e-01
3.599175930023193359e+00
1.924142718315124512e+00
0.000000000000000000e+00
3.518163561820983887e-01
8.931365609169006348e-01
0.000000000000000000e+00
1.798055839538574219e+01
5.942324399948120117e-01
3.489881381392478943e-02
0.000000000000000000e+00
0.000000000000000000e+00
0.000000000000000000e+00
0.000000000000000000e+00
0.000000000000000000e+00
4.327305406332015991e-02
7.930819392204284668e-01
4.198430061340332031e+00
4.101216793060302734e-02
8.758135437965393066e-01
4.554434776306152344e+00
2.628112584352493286e-02
0.000000000000000000e+00
1.351044559478759766e+01
0.000000000000000000e+00
5.373488068580627441e-01
1.132381558418273926e+00
9.286758303642272949e-02
0.000000000000000000e+00
0.000000000000000000e+00
0.000000000000000000e+00
2.160525918006896973e-01
1.278295665979385376e-01
2.346571922302246094e+00
2.659112513065338135e-01
4.473943710327148438e-01
0.000000000000000000e+00
0.000000000000000000e+00
4.006626605987548828e+00
0.000000000000000000e+00
0.000000000000000000e+00
0.000000000000000000e+00
0.000000000000000000e+00
0.000000000000000000e+00
0.000000000000000000e+00
5.710699036717414856e-02
0.000000000000000000e+00
0.000000000000000000e+00
6.007657572627067566e-02
0.000000000000000000e+00
2.031625270843505859e+00
1.367659926414489746e+00
5.275869846343994141e+00
1.089078187942504883e+00
0.000000000000000000e+00
0.000000000000000000e+00
2.196984589099884033e-01
0.000000000000000000e+00
4.412828385829925537e-02
4.385935783386230469e+00
0.000000000000000000e+00
1.763171911239624023e+00
1.362421661615371704e-01
1.766610741615295410e-01
0.000000000000000000e+00
1.110050082206726074e+00
9.305496811866760254e-01
0.000000000000000000e+00
2.993185073137283325e-02
0.000000000000000000e+00
0.000000000000000000e+00
7.225482463836669922e+00
3.480312347412109375e+00
6.768465638160705566e-01
0.000000000000000000e+00
1.024498343467712402e-01
0.000000000000000000e+00
0.000000000000000000e+00
6.133661746978759766e+00
0.000000000000000000e+00
2.771240770816802979e-01
3.324297666549682617e+00
1.718896627426147461e+00
0.000000000000000000e+00
1.668701171875000000e+00
2.819312214851379395e-01
6.410887241363525391e-01
0.000000000000000000e+00
1.656761392951011658e-02
0.000000000000000000e+00
4.504160404205322266e+00
1.796068310737609863e+00
0.000000000000000000e+00
0.000000000000000000e+00
0.000000000000000000e+00
4.106571197509765625e+00
1.885359287261962891e+00
0.000000000000000000e+00
6.546672582626342773e-01
0.000000000000000000e+00
1.157695055007934570e+00
0.000000000000000000e+00
6.045738697052001953e+00
2.501139938831329346e-01
0.000000000000000000e+00
2.268220424652099609e+00
1.813513875007629395e+00
0.000000000000000000e+00
2.483347654342651367e+00
4.136432707309722900e-01
3.818542480468750000e+00
9.966663271188735962e-02
1.611353456974029541e-01
2.388067245483398438e+00
3.364938497543334961e-01
0.000000000000000000e+00
2.883046865463256836e-02
0.000000000000000000e+00
1.055709794163703918e-01
1.534077600808814168e-04
8.130148649215698242e-01
0.000000000000000000e+00
1.963867568969726562e+01
0.000000000000000000e+00
1.941911935806274414e+00
0.000000000000000000e+00
0.000000000000000000e+00
4.947157800197601318e-01
4.531549513339996338e-01
0.000000000000000000e+00
0.000000000000000000e+00
2.056403271853923798e-02
1.259430408477783203e+00
0.000000000000000000e+00
2.228894531726837158e-01
0.000000000000000000e+00
0.000000000000000000e+00
0.000000000000000000e+00
0.000000000000000000e+00
3.114598989486694336e-01
0.000000000000000000e+00
2.066891193389892578e+00
1.964538574218750000e+01
0.000000000000000000e+00
0.000000000000000000e+00
3.688600540161132812e+00
0.000000000000000000e+00
1.434013462066650391e+01
3.055106848478317261e-02
2.269209921360015869e-01
0.000000000000000000e+00
9.106227159500122070e-01
0.000000000000000000e+00
2.261462062597274780e-01
0.000000000000000000e+00
2.356595993041992188e+00
0.000000000000000000e+00
4.318011552095413208e-02
2.253847599029541016e+00
0.000000000000000000e+00
1.758083701133728027e-01
1.115752235054969788e-01
0.000000000000000000e+00
0.000000000000000000e+00
2.743805944919586182e-01
1.059606432914733887e+00
1.237897634506225586e+00
0.000000000000000000e+00
0.000000000000000000e+00
3.777027875185012817e-02
0.000000000000000000e+00
0.000000000000000000e+00
0.000000000000000000e+00
0.000000000000000000e+00
5.477852821350097656e-01
1.085199788212776184e-01
0.000000000000000000e+00
2.608214378356933594e+00
3.074558019638061523e+00
3.535215854644775391e+00
0.000000000000000000e+00
6.044962406158447266e-01
6.387581676244735718e-02
0.000000000000000000e+00
3.868661224842071533e-01
0.000000000000000000e+00
7.843815721571445465e-03
7.333880662918090820e-01
3.520283460617065430e+00
1.662243843078613281e+00
0.000000000000000000e+00
5.679780617356300354e-02
2.547969579696655273e+00
0.000000000000000000e+00
2.461244583129882812e+00
0.000000000000000000e+00
0.000000000000000000e+00
0.000000000000000000e+00
2.344078779220581055e+00
6.120870709419250488e-01
0.000000000000000000e+00
7.023079395294189453e-01
0.000000000000000000e+00
0.000000000000000000e+00
3.926247596740722656e+00
0.000000000000000000e+00
0.000000000000000000e+00
2.408218756318092346e-02
6.593223571777343750e+00
1.845614314079284668e+00
5.967597961425781250e-01
7.120292633771896362e-02
1.428705930709838867e+00
0.000000000000000000e+00
1.922914385795593262e+00
0.000000000000000000e+00
0.000000000000000000e+00
0.000000000000000000e+00
0.000000000000000000e+00
1.521479338407516479e-01
0.000000000000000000e+00
0.000000000000000000e+00
1.029182076454162598e+00
0.000000000000000000e+00
1.709294557571411133e+00
0.000000000000000000e+00
5.379436969757080078e+00
0.000000000000000000e+00
2.051545679569244385e-01
2.555035591125488281e+00
2.966882467269897461e+00
0.000000000000000000e+00
5.005256652832031250e+00
8.167681694030761719e-01
1.173076406121253967e-01
0.000000000000000000e+00
1.040668964385986328e+00
4.558434009552001953e+00
0.000000000000000000e+00
1.215578392148017883e-01
0.000000000000000000e+00
0.000000000000000000e+00
2.150374203920364380e-01
2.526448011398315430e+00
0.000000000000000000e+00
0.000000000000000000e+00
0.000000000000000000e+00
0.000000000000000000e+00
1.357284545898437500e+01
0.000000000000000000e+00
1.112156748771667480e+00
0.000000000000000000e+00
2.669148206710815430e+00
9.556991577148437500e+00
0.000000000000000000e+00
0.000000000000000000e+00
0.000000000000000000e+00
4.065091535449028015e-02
0.000000000000000000e+00
0.000000000000000000e+00
0.000000000000000000e+00
0.000000000000000000e+00
0.000000000000000000e+00
8.417825400829315186e-02
1.501709699630737305e+00
1.477402305603027344e+01
0.000000000000000000e+00
0.000000000000000000e+00
1.509764976799488068e-02
1.974767565727233887e+00
1.324503272771835327e-01
0.000000000000000000e+00
3.737776726484298706e-02
7.098668217658996582e-01
0.000000000000000000e+00
3.333055973052978516e-01
7.079271674156188965e-01
1.039115265011787415e-01
4.894042387604713440e-02
5.218385159969329834e-02
0.000000000000000000e+00
1.782564401626586914e+00
0.000000000000000000e+00
1.158245746046304703e-02
2.332565635442733765e-01
1.137445688247680664e+00
0.000000000000000000e+00
0.000000000000000000e+00
4.349673688411712646e-01
6.783761024475097656e+00
3.365056753158569336e+00
7.115402072668075562e-02
6.677369587123394012e-03
4.922179579734802246e-01
2.699568510055541992e+00
4.923898261040449142e-03
0.000000000000000000e+00
1.228224635124206543e+00
0.000000000000000000e+00
4.312347769737243652e-01
0.000000000000000000e+00
1.058965682983398438e+01
0.000000000000000000e+00
1.230588674545288086e+00
5.382721424102783203e+00
8.501669168472290039e-01
9.674932062625885010e-02
6.520690768957138062e-02
3.153131008148193359e+00
1.093460083007812500e+01
3.683560132980346680e+00
0.000000000000000000e+00
0.000000000000000000e+00
1.451303100585937500e+01
0.000000000000000000e+00
0.000000000000000000e+00
0.000000000000000000e+00
1.470088511705398560e-01
0.000000000000000000e+00
3.074855916202068329e-02
1.227664470672607422e+00
0.000000000000000000e+00
0.000000000000000000e+00
3.994040012359619141e+00
0.000000000000000000e+00
0.000000000000000000e+00
0.000000000000000000e+00
1.169836446642875671e-01
1.571146845817565918e-01
4.928285628557205200e-02
0.000000000000000000e+00
4.529924869537353516e+00
1.221823990345001221e-01
1.270042508840560913e-01
1.073765873908996582e+00
0.000000000000000000e+00
6.388492137193679810e-02
1.349291610717773438e+01
0.000000000000000000e+00
1.313144087791442871e+00
2.947940230369567871e-01
1.026725489646196365e-02
0.000000000000000000e+00
0.000000000000000000e+00
6.413202285766601562e-01
0.000000000000000000e+00
2.629196047782897949e-01
0.000000000000000000e+00
1.346118897199630737e-01
0.000000000000000000e+00
0.000000000000000000e+00
0.000000000000000000e+00
0.000000000000000000e+00
1.519919186830520630e-01
0.000000000000000000e+00
0.000000000000000000e+00
9.116559028625488281e-01
1.829958677291870117e+00
2.861716747283935547e-01
0.000000000000000000e+00
0.000000000000000000e+00
1.069106459617614746e+00
1.449068784713745117e+00
3.562092036008834839e-02
3.339252471923828125e-01
4.750468254089355469e+00
4.998980462551116943e-01
0.000000000000000000e+00
0.000000000000000000e+00
0.000000000000000000e+00
2.398149251937866211e+00
4.341081082820892334e-01
0.000000000000000000e+00
2.830876037478446960e-02
0.000000000000000000e+00
0.000000000000000000e+00
0.000000000000000000e+00
0.000000000000000000e+00
0.000000000000000000e+00
6.726763844490051270e-01
3.486998081207275391e+00
4.326372146606445312e+00
3.088476419448852539e+00
2.552737951278686523e+00
2.006611108779907227e+00
0.000000000000000000e+00
2.362691052258014679e-02
2.300017923116683960e-01
0.000000000000000000e+00
1.725001692771911621e+00
0.000000000000000000e+00
0.000000000000000000e+00
0.000000000000000000e+00
0.000000000000000000e+00
0.000000000000000000e+00
4.469747841358184814e-02
0.000000000000000000e+00
8.696945384144783020e-03
1.268696486949920654e-01
0.000000000000000000e+00
0.000000000000000000e+00
2.783968210220336914e+00
0.000000000000000000e+00
1.392478942871093750e+00
0.000000000000000000e+00
0.000000000000000000e+00
0.000000000000000000e+00
1.922924757003784180e+00
0.000000000000000000e+00
0.000000000000000000e+00
1.663249850273132324e+00
0.000000000000000000e+00
2.492783516645431519e-01
3.814354896545410156e+00
0.000000000000000000e+00
2.281752526760101318e-01
7.280683040618896484e+00
1.245721653103828430e-01
0.000000000000000000e+00
7.319946289062500000e-01
0.000000000000000000e+00
0.000000000000000000e+00
0.000000000000000000e+00
5.685771465301513672e+00
2.200687117874622345e-02
1.944873690605163574e+00
0.000000000000000000e+00
1.699780374765396118e-01
0.000000000000000000e+00
5.166500091552734375e+00
8.289842866361141205e-03
3.930084705352783203e+00
0.000000000000000000e+00
4.681576728820800781e+00
8.251037597656250000e+00
0.000000000000000000e+00
0.000000000000000000e+00
1.561654448509216309e+00
0.000000000000000000e+00
0.000000000000000000e+00
0.000000000000000000e+00
2.236552238464355469e-01
8.864184379577636719e+00
1.707986183464527130e-02
4.730614423751831055e-01
1.428443670272827148e+00
6.855762004852294922e-02
1.961197704076766968e-01
3.049692809581756592e-01
3.250552415847778320e-01
0.000000000000000000e+00
4.052741050720214844e+00
0.000000000000000000e+00
0.000000000000000000e+00
0.000000000000000000e+00
3.127905368804931641e+00
1.316379606723785400e-01
1.047096014022827148e+00
0.000000000000000000e+00
5.068973451852798462e-02
2.264173626899719238e-01
0.000000000000000000e+00
1.528921127319335938e+00
5.042895302176475525e-02
1.124658679962158203e+01
0.000000000000000000e+00
1.451403498649597168e+00
0.000000000000000000e+00
2.097374677658081055e+00
4.660034477710723877e-01
1.281374692916870117e-01
3.048482164740562439e-02
0.000000000000000000e+00
3.445239543914794922e+00
0.000000000000000000e+00
2.451033830642700195e+00
7.396523475646972656e+00
0.000000000000000000e+00
7.378833889961242676e-01
5.242611169815063477e-01
5.095392093062400818e-02
2.013631463050842285e-01
0.000000000000000000e+00
2.493646383285522461e+00
0.000000000000000000e+00
0.000000000000000000e+00
0.000000000000000000e+00
1.301704645156860352e+00
9.424973726272583008e-01
0.000000000000000000e+00
6.120026111602783203e-01
1.677687764167785645e+00
2.889796197414398193e-01
6.891131997108459473e-01
5.205792784690856934e-01
0.000000000000000000e+00
0.000000000000000000e+00
1.167570129036903381e-01
0.000000000000000000e+00
1.917098313570022583e-01
0.000000000000000000e+00
3.611559867858886719e-01
5.713361501693725586e-01
0.000000000000000000e+00
0.000000000000000000e+00
0.000000000000000000e+00
1.850286006927490234e+00
0.000000000000000000e+00
3.227794170379638672e-01
0.000000000000000000e+00
6.295223712921142578e+00
1.337938904762268066e+00
0.000000000000000000e+00
0.000000000000000000e+00
0.000000000000000000e+00
0.000000000000000000e+00
0.000000000000000000e+00
0.000000000000000000e+00
0.000000000000000000e+00
2.294338941574096680e-01
0.000000000000000000e+00
1.140691041946411133e+00
4.947622418403625488e-01
2.327989006042480469e+01
5.218707490712404251e-03
1.868096888065338135e-01
0.000000000000000000e+00
4.821720123291015625e-01
4.526595115661621094e+00
0.000000000000000000e+00
3.329869806766510010e-01
0.000000000000000000e+00
0.000000000000000000e+00
7.836621403694152832e-01
1.979825943708419800e-01
2.130340784788131714e-02
0.000000000000000000e+00
3.995136357843875885e-03
0.000000000000000000e+00
0.000000000000000000e+00
1.242524385452270508e+00
5.078402042388916016e+00
5.183993816375732422e+00
0.000000000000000000e+00
8.659478425979614258e-01
0.000000000000000000e+00
0.000000000000000000e+00
4.309968471527099609e+00
2.787025272846221924e-01
0.000000000000000000e+00
3.366605758666992188e+00
0.000000000000000000e+00
4.822983145713806152e-01
3.375946521759033203e+00
1.067639961838722229e-01
3.023830056190490723e-01
1.156258106231689453e+00
1.347927097231149673e-02
1.254066705703735352e+00
2.323223590850830078e+00
5.521638989448547363e-01
0.000000000000000000e+00
6.602539062500000000e+00
2.094415664672851562e+01
5.563485622406005859e+00
0.000000000000000000e+00
5.780419707298278809e-01
0.000000000000000000e+00
0.000000000000000000e+00
0.000000000000000000e+00
0.000000000000000000e+00
5.956262350082397461e-02
0.000000000000000000e+00
4.576468169689178467e-01
8.750676177442073822e-03
0.000000000000000000e+00
0.000000000000000000e+00
4.976078987121582031e+00
0.000000000000000000e+00
3.144746065139770508e+00
2.079512834548950195e+00
2.056629419326782227e+00
1.744061261415481567e-01
3.469043970108032227e+00
1.215515509247779846e-01
6.195501424372196198e-03
0.000000000000000000e+00
3.147854042053222656e+01
2.943466603755950928e-01
0.000000000000000000e+00
0.000000000000000000e+00
0.000000000000000000e+00
0.000000000000000000e+00
0.000000000000000000e+00
7.914426177740097046e-02
4.259316921234130859e-01
4.685708507895469666e-02
4.193054199218750000e+00
0.000000000000000000e+00
1.591086983680725098e-01
5.617407798767089844e+00
0.000000000000000000e+00
7.052327990531921387e-01
1.265542507171630859e-01
0.000000000000000000e+00
0.000000000000000000e+00
1.405918955802917480e+00
8.190115094184875488e-01
0.000000000000000000e+00
0.000000000000000000e+00
8.508250713348388672e-01
0.000000000000000000e+00
5.410351753234863281e+00
2.386713922023773193e-01
0.000000000000000000e+00
1.827497780323028564e-01
0.000000000000000000e+00
4.277376174926757812e+00
0.000000000000000000e+00
0.000000000000000000e+00
2.455500364303588867e+00
0.000000000000000000e+00
4.856051802635192871e-01
2.656333744525909424e-01
0.000000000000000000e+00
0.000000000000000000e+00
0.000000000000000000e+00
1.088804721832275391e+01
6.664708852767944336e-01
4.440682888031005859e+00
9.226382970809936523e-01
0.000000000000000000e+00
1.517814755439758301e+00
3.647292375564575195e+00
3.133449554443359375e+00
0.000000000000000000e+00
0.000000000000000000e+00
3.385793268680572510e-01
0.000000000000000000e+00
4.756261780858039856e-02
0.000000000000000000e+00
1.872839093208312988e+00
0.000000000000000000e+00
0.000000000000000000e+00
0.000000000000000000e+00
0.000000000000000000e+00
1.272713541984558105e+00
1.890558362007141113e+00
6.117232322692871094e+00
2.810194253921508789e+00
0.000000000000000000e+00
2.033402919769287109e+00
0.000000000000000000e+00
1.286732554435729980e+00
5.621573925018310547e-01
0.000000000000000000e+00
0.000000000000000000e+00
0.000000000000000000e+00
6.336317211389541626e-02
0.000000000000000000e+00
1.815141558647155762e+00
2.099751234054565430e+00
0.000000000000000000e+00
0.000000000000000000e+00
1.124464988708496094e+00
0.000000000000000000e+00
0.000000000000000000e+00
2.147483825683593750e-02
1.122092008590698242e-01
0.000000000000000000e+00
0.000000000000000000e+00
9.325379878282546997e-02
4.958625137805938721e-02
0.000000000000000000e+00
1.970271579921245575e-02
0.000000000000000000e+00
5.156420543789863586e-02
0.000000000000000000e+00
0.000000000000000000e+00
3.446444988250732422e+00
8.154435157775878906e-01
7.737966179847717285e-01
0.000000000000000000e+00
0.000000000000000000e+00
0.000000000000000000e+00
0.000000000000000000e+00
5.095871537923812866e-02
0.000000000000000000e+00
1.334434747695922852e-01
0.000000000000000000e+00
6.623731553554534912e-02
0.000000000000000000e+00
0.000000000000000000e+00
0.000000000000000000e+00
1.827193647623062134e-01
2.320241928100585938e+00
1.036995410919189453e+00
6.322117894887924194e-02
0.000000000000000000e+00
0.000000000000000000e+00
0.000000000000000000e+00
2.093329668045043945e+00
8.099038004875183105e-01
4.355195045471191406e+00
2.430898696184158325e-01
2.670766592025756836e+00
0.000000000000000000e+00
0.000000000000000000e+00
1.426675319671630859e+00
2.873296022415161133e+00
1.247588753700256348e+00
2.515197172760963440e-02
1.621605396270751953e+00
7.277592658996582031e+00
8.451899290084838867e-01
1.626998931169509888e-01
5.586109161376953125e-01
1.386817395687103271e-01
0.000000000000000000e+00
0.000000000000000000e+00
1.025346755981445312e+00
0.000000000000000000e+00
0.000000000000000000e+00
0.000000000000000000e+00
1.191208839416503906e+00
2.846333384513854980e-02
0.000000000000000000e+00
3.948311805725097656e+00
0.000000000000000000e+00
0.000000000000000000e+00
5.938178896903991699e-01
3.694558739662170410e-01
2.826566696166992188e+00
0.000000000000000000e+00
0.000000000000000000e+00
9.453151702880859375e+00
0.000000000000000000e+00
0.000000000000000000e+00
2.240424454212188721e-01
0.000000000000000000e+00
2.246697247028350830e-01
5.408447265625000000e+00
0.000000000000000000e+00
4.262563958764076233e-02
0.000000000000000000e+00
0.000000000000000000e+00
3.491219997406005859e+00
0.000000000000000000e+00
2.205126285552978516e+00
1.248820349574089050e-01
5.118137836456298828e+00
0.000000000000000000e+00
7.518318295478820801e-01
9.094611555337905884e-02
1.025463715195655823e-01
2.318570613861083984e-01
1.595889925956726074e+00
1.448572874069213867e-01
0.000000000000000000e+00
1.150608062744140625e-02
0.000000000000000000e+00
2.111684828996658325e-01
2.981065988540649414e+00
8.914820849895477295e-02
0.000000000000000000e+00
5.261292457580566406e+00
0.000000000000000000e+00
2.901263535022735596e-01
0.000000000000000000e+00
0.000000000000000000e+00
0.000000000000000000e+00
3.075915098190307617e+00
3.743100404739379883e+00
2.415972948074340820e+00
8.181129097938537598e-01
2.557180821895599365e-01
0.000000000000000000e+00
9.348160028457641602e-01
0.000000000000000000e+00
1.301035404205322266e+00
0.000000000000000000e+00
1.002949103713035583e-01
0.000000000000000000e+00
0.000000000000000000e+00
0.000000000000000000e+00
5.337620735168457031e+00
3.279244601726531982e-01
0.000000000000000000e+00
0.000000000000000000e+00
8.903859555721282959e-02
0.000000000000000000e+00
3.063970327377319336e+00
0.000000000000000000e+00
1.822653651237487793e+00
3.068094849586486816e-01
2.317817807197570801e-01
7.315949201583862305e-01
1.953199319541454315e-02
4.927027225494384766e-02
3.496868610382080078e-01
3.851738691329956055e+00
0.000000000000000000e+00
0.000000000000000000e+00
0.000000000000000000e+00
0.000000000000000000e+00
0.000000000000000000e+00
0.000000000000000000e+00
9.586738795042037964e-02
9.865038990974426270e-01
3.622435033321380615e-01
0.000000000000000000e+00
1.559310965240001678e-02
2.715308070182800293e-01
1.500570416450500488e+00
1.344918727874755859e+00
4.735453128814697266e+00
0.000000000000000000e+00
2.095598541200160980e-02
0.000000000000000000e+00
2.769986726343631744e-02
1.286565512418746948e-02
5.997874736785888672e+00
0.000000000000000000e+00
0.000000000000000000e+00
0.000000000000000000e+00
5.524385571479797363e-01
0.000000000000000000e+00
0.000000000000000000e+00
0.000000000000000000e+00
0.000000000000000000e+00
0.000000000000000000e+00
3.055601119995117188e-01
0.000000000000000000e+00
0.000000000000000000e+00
2.581156969070434570e+00
0.000000000000000000e+00
8.319519758224487305e-01
3.969627618789672852e-01
0.000000000000000000e+00
0.000000000000000000e+00
0.000000000000000000e+00
1.271308183670043945e+00
1.286426901817321777e+00
1.473803400993347168e+00
2.990706443786621094e+00
4.335743486881256104e-01
2.517017535865306854e-02
1.446387410163879395e+00
6.101815104484558105e-01
2.671492993831634521e-01
0.000000000000000000e+00
7.921279430389404297e+00
5.639746189117431641e-01
0.000000000000000000e+00
0.000000000000000000e+00
0.000000000000000000e+00
1.617973670363426208e-02
2.818131148815155029e-01
3.232108116149902344e+00
0.000000000000000000e+00
3.164262294769287109e+00
0.000000000000000000e+00
0.000000000000000000e+00
2.186861276626586914e+00
7.693931460380554199e-01
2.008746385574340820e+00
0.000000000000000000e+00
3.239344358444213867e-01
4.007443904876708984e+00
0.000000000000000000e+00
9.715723991394042969e-01
0.000000000000000000e+00
0.000000000000000000e+00
0.000000000000000000e+00
1.356875061988830566e+00
0.000000000000000000e+00
1.701786369085311890e-01
0.000000000000000000e+00
1.610205531120300293e+00
1.580281108617782593e-01
0.000000000000000000e+00
3.110194206237792969e+00
0.000000000000000000e+00
2.364487498998641968e-01
0.000000000000000000e+00
0.000000000000000000e+00
0.000000000000000000e+00
2.533732414245605469e+00
3.550813913345336914e+00
0.000000000000000000e+00
0.000000000000000000e+00
2.564778029918670654e-01
7.091632366180419922e+00
3.954759120941162109e+00
0.000000000000000000e+00
0.000000000000000000e+00
0.000000000000000000e+00
0.000000000000000000e+00
0.000000000000000000e+00
2.986057758331298828e+00
0.000000000000000000e+00
1.948877096176147461e+00
0.000000000000000000e+00
1.138645485043525696e-01
0.000000000000000000e+00
0.000000000000000000e+00
7.764092922210693359e+00
7.129962444305419922e+00
0.000000000000000000e+00
4.496148109436035156e+00
0.000000000000000000e+00
0.000000000000000000e+00
1.915138959884643555e+00
0.000000000000000000e+00
0.000000000000000000e+00
3.780773580074310303e-01
0.000000000000000000e+00
1.765529394149780273e+00
1.466979682445526123e-01
1.422378718852996826e-01
0.000000000000000000e+00
0.000000000000000000e+00
0.000000000000000000e+00
0.000000000000000000e+00
0.000000000000000000e+00
1.283042311668395996e+00
0.000000000000000000e+00
2.694958746433258057e-01
1.608013212680816650e-01
2.484195381402969360e-01
1.145450949668884277e+00
0.000000000000000000e+00
0.000000000000000000e+00
2.525070190429687500e+00
0.000000000000000000e+00
6.598451614379882812e+00
2.754643373191356659e-02
0.000000000000000000e+00
1.387896537780761719e-01
0.000000000000000000e+00
5.782845988869667053e-02
1.744573861360549927e-01
2.540183439850807190e-02
0.000000000000000000e+00
9.938311576843261719e+00
0.000000000000000000e+00
5.815341472625732422e-01
1.680285334587097168e+00
3.504655789583921432e-03
5.004143118858337402e-01
5.446017533540725708e-02
0.000000000000000000e+00
8.187226951122283936e-02
0.000000000000000000e+00
0.000000000000000000e+00
0.000000000000000000e+00
1.694328308105468750e+00
6.524069607257843018e-02
0.000000000000000000e+00
5.484776571393013000e-02
0.000000000000000000e+00
3.533650636672973633e-01
7.389168143272399902e-01
0.000000000000000000e+00
0.000000000000000000e+00
1.190249919891357422e-01
1.359747767448425293e+00
1.012488961219787598e+00
1.065383572131395340e-02
0.000000000000000000e+00
9.290795326232910156e+00
6.240153312683105469e+00
1.719740033149719238e+00
1.432606875896453857e-01
1.262136578559875488e+00
7.585299015045166016e+00
1.181489467620849609e+00
0.000000000000000000e+00
1.850413084030151367e-01
0.000000000000000000e+00
1.033373832702636719e+01
0.000000000000000000e+00
0.000000000000000000e+00
0.000000000000000000e+00
9.019666910171508789e-02
6.985371708869934082e-01
1.077589273452758789e+00
6.741913035511970520e-03
0.000000000000000000e+00
0.000000000000000000e+00
2.913395404815673828e+00
4.463385418057441711e-02
0.000000000000000000e+00
0.000000000000000000e+00
6.266953349113464355e-01
0.000000000000000000e+00
0.000000000000000000e+00
0.000000000000000000e+00
0.000000000000000000e+00
2.257502317428588867e+00
0.000000000000000000e+00
1.618482589721679688e+00
0.000000000000000000e+00
1.435679626464843750e+01
4.331988334655761719e+00
2.178584098815917969e+00
4.247694909572601318e-01
0.000000000000000000e+00
0.000000000000000000e+00
1.283679366111755371e+00
7.096738088876008987e-03
8.990709781646728516e-01
0.000000000000000000e+00
0.000000000000000000e+00
0.000000000000000000e+00
0.000000000000000000e+00
3.076834976673126221e-01
1.009023636579513550e-01
0.000000000000000000e+00
0.000000000000000000e+00
0.000000000000000000e+00
0.000000000000000000e+00
8.323680758476257324e-01
4.336029663681983948e-02
0.000000000000000000e+00
0.000000000000000000e+00
0.000000000000000000e+00
4.119392633438110352e-01
5.051655694842338562e-02
0.000000000000000000e+00
0.000000000000000000e+00
1.048795819282531738e+00
0.000000000000000000e+00
0.000000000000000000e+00
0.000000000000000000e+00
0.000000000000000000e+00
2.757062613964080811e-01
2.496666908264160156e-01
1.156350040435791016e+01
3.343529462814331055e+00
0.000000000000000000e+00
6.163021922111511230e-01
1.299338638782501221e-01
0.000000000000000000e+00
0.000000000000000000e+00
6.687371730804443359e+00
1.197098270058631897e-01
3.648292541503906250e+00
1.026828956604003906e+01
2.923220872879028320e+00
0.000000000000000000e+00
1.127672314643859863e+00
3.664325952529907227e+00
0.000000000000000000e+00
0.000000000000000000e+00
2.944416925311088562e-02
1.175218969583511353e-01
8.175748586654663086e-02
0.000000000000000000e+00
0.000000000000000000e+00
8.444621086120605469e+00
0.000000000000000000e+00
2.984513521194458008e+00
0.000000000000000000e+00
2.500511705875396729e-01
0.000000000000000000e+00
3.357484340667724609e+00
1.071038126945495605e+00
1.147073600441217422e-02
3.644388020038604736e-01
1.178007721900939941e-01
0.000000000000000000e+00
1.838163286447525024e-01
1.884109973907470703e+00
0.000000000000000000e+00
4.678068310022354126e-02
6.784845352172851562e+00
8.382052183151245117e-01
7.205018401145935059e-01
1.036745786666870117e+00
0.000000000000000000e+00
6.223405897617340088e-02
0.000000000000000000e+00
0.000000000000000000e+00
1.551027536392211914e+00
5.550024032592773438e+00
3.138768434524536133e+00
8.524083495140075684e-01
8.686540275812149048e-02
0.000000000000000000e+00
0.000000000000000000e+00
0.000000000000000000e+00
0.000000000000000000e+00
5.626653879880905151e-02
2.623064517974853516e-01
9.294909238815307617e-01
0.000000000000000000e+00
2.028971910476684570e-02
0.000000000000000000e+00
0.000000000000000000e+00
9.225820004940032959e-02
0.000000000000000000e+00
9.416335821151733398e-02
0.000000000000000000e+00
4.689021967351436615e-03
0.000000000000000000e+00
0.000000000000000000e+00
0.000000000000000000e+00
8.556467294692993164e-02
3.611706197261810303e-01
0.000000000000000000e+00
3.886693418025970459e-01
0.000000000000000000e+00
4.488788172602653503e-02
3.177432298660278320e+00
0.000000000000000000e+00
1.110222578048706055e+00
0.000000000000000000e+00
7.208542823791503906e-01
0.000000000000000000e+00
0.000000000000000000e+00
0.000000000000000000e+00
0.000000000000000000e+00
0.000000000000000000e+00
0.000000000000000000e+00
0.000000000000000000e+00
0.000000000000000000e+00
2.182628363370895386e-01
7.582280039787292480e-02
3.656799793243408203e-01
0.000000000000000000e+00
2.470405250787734985e-01
0.000000000000000000e+00
0.000000000000000000e+00
9.515504352748394012e-03
1.804853528738021851e-01
0.000000000000000000e+00
1.448309540748596191e+00
0.000000000000000000e+00
2.010067462921142578e+00
3.993736207485198975e-01
0.000000000000000000e+00
0.000000000000000000e+00
0.000000000000000000e+00
0.000000000000000000e+00
0.000000000000000000e+00
0.000000000000000000e+00
0.000000000000000000e+00
3.250861540436744690e-03
1.904381066560745239e-01
0.000000000000000000e+00
0.000000000000000000e+00
1.045418530702590942e-01
9.889052249491214752e-03
1.833043575286865234e+00
1.976303756237030029e-01
3.160313963890075684e-01
4.087481975555419922e+00
0.000000000000000000e+00
0.000000000000000000e+00
0.000000000000000000e+00
9.409090042114257812e+00
1.106064841151237488e-01
0.000000000000000000e+00
0.000000000000000000e+00
1.250413417816162109e+00
0.000000000000000000e+00
2.290155410766601562e+00
0.000000000000000000e+00
2.137889671325683594e+01
4.817330464720726013e-02
2.410661280155181885e-01
9.900795221328735352e-01
0.000000000000000000e+00
8.396227359771728516e-01
0.000000000000000000e+00
6.605457067489624023e-01
6.811771392822265625e-01
0.000000000000000000e+00
0.000000000000000000e+00
0.000000000000000000e+00
0.000000000000000000e+00
0.000000000000000000e+00
1.202607631683349609e+00
0.000000000000000000e+00
3.802633285522460938e-01
3.811375796794891357e-01
6.515165328979492188e+00
0.000000000000000000e+00
3.867435216903686523e+00
2.154634857177734375e+01
0.000000000000000000e+00
2.777153491973876953e+00
1.661706328392028809e+00
0.000000000000000000e+00
0.000000000000000000e+00
0.000000000000000000e+00
0.000000000000000000e+00
1.479067057371139526e-01
2.185191959142684937e-02
0.000000000000000000e+00
2.991151809692382812e-01
5.150455236434936523e-01
4.080571532249450684e-01
0.000000000000000000e+00
3.422868251800537109e-02
1.813617467880249023e+00
2.219079208374023438e+01
1.077453885227441788e-02
0.000000000000000000e+00
0.000000000000000000e+00
5.728227496147155762e-01
0.000000000000000000e+00
0.000000000000000000e+00
1.482633948326110840e+00
2.377584218978881836e+00
1.578360795974731445e-01
0.000000000000000000e+00
9.821122512221336365e-03
2.382366895675659180e+00
0.000000000000000000e+00
7.188533246517181396e-02
0.000000000000000000e+00
2.688086777925491333e-02
0.000000000000000000e+00
4.002224206924438477e-01
0.000000000000000000e+00
0.000000000000000000e+00
0.000000000000000000e+00
1.258452773094177246e+00
6.260386854410171509e-02
6.820194721221923828e+00
5.006357669830322266e+00
9.158195853233337402e-01
1.512403368949890137e+00
7.592028975486755371e-01
7.280887603759765625e+00
0.000000000000000000e+00
1.452739238739013672e-01
1.295183897018432617e-01
2.388770133256912231e-01
1.257937103509902954e-01
0.000000000000000000e+00
0.000000000000000000e+00
3.382238149642944336e+00
9.155461937189102173e-02
4.265810489654541016e+00
9.910669326782226562e+00
3.134675788879394531e+01
0.000000000000000000e+00
0.000000000000000000e+00
7.327563762664794922e-01
1.282838940620422363e+00
5.454376935958862305e-01
1.764708198606967926e-02
0.000000000000000000e+00
2.331127166748046875e+00
1.132213771343231201e-01
3.412505984306335449e-01
2.162228971719741821e-01
0.000000000000000000e+00
1.035743430256843567e-01
1.129475116729736328e+00
7.049644947052001953e+00
0.000000000000000000e+00
0.000000000000000000e+00
1.316732525825500488e+00
5.060507297515869141e+00
8.168663978576660156e+00
1.612045526504516602e+00
8.209885954856872559e-01
5.355505943298339844e+00
0.000000000000000000e+00
0.000000000000000000e+00
2.929436862468719482e-01
1.097276329994201660e+00
1.677165389060974121e+00
1.042138263583183289e-01
5.875094980001449585e-02
0.000000000000000000e+00
0.000000000000000000e+00
0.000000000000000000e+00
8.570388555526733398e-01
5.860044956207275391e-01
0.000000000000000000e+00
0.000000000000000000e+00
8.884818851947784424e-02
0.000000000000000000e+00
0.000000000000000000e+00
3.491985797882080078e-01
0.000000000000000000e+00
7.210606098175048828e+00
0.000000000000000000e+00
1.135831832885742188e+01
1.069140338897705078e+01
1.629503816366195679e-01
3.115347921848297119e-01
0.000000000000000000e+00
4.478361129760742188e+00
0.000000000000000000e+00
2.602397680282592773e+00
2.912553548812866211e-01
0.000000000000000000e+00
1.601621818542480469e+01
2.114688418805599213e-02
0.000000000000000000e+00
0.000000000000000000e+00
3.902374804019927979e-01
5.348955154418945312e+00
0.000000000000000000e+00
2.347207546234130859e+00
0.000000000000000000e+00
8.737498521804809570e-02
0.000000000000000000e+00
2.087985754013061523e+00
0.000000000000000000e+00
8.774712681770324707e-01
7.148159980773925781e+00
1.718221418559551239e-02
0.000000000000000000e+00
9.336653709411621094e+00
3.039434909820556641e+00
6.512673497200012207e-01
5.287220954895019531e+00
1.580436900258064270e-02
2.584646940231323242e-01
0.000000000000000000e+00
0.000000000000000000e+00
0.000000000000000000e+00
0.000000000000000000e+00
0.000000000000000000e+00
0.000000000000000000e+00
2.292657613754272461e+00
7.143478393554687500e+00
0.000000000000000000e+00
2.304548263549804688e+00
0.000000000000000000e+00
4.483593627810478210e-02
2.451978921890258789e+00
6.011676192283630371e-01
0.000000000000000000e+00
0.000000000000000000e+00
0.000000000000000000e+00
0.000000000000000000e+00
5.418956279754638672e-01
1.852241717278957367e-02
4.091803729534149170e-01
9.606553316116333008e-01
2.157691866159439087e-01
0.000000000000000000e+00
0.000000000000000000e+00
9.666489362716674805e-01
0.000000000000000000e+00
0.000000000000000000e+00
0.000000000000000000e+00
0.000000000000000000e+00
0.000000000000000000e+00
0.000000000000000000e+00
0.000000000000000000e+00
2.809221744537353516e-01
0.000000000000000000e+00
1.235161662101745605e+00
5.780066490173339844e+00
2.237883396446704865e-02
1.007786542177200317e-01
3.826771080493927002e-01
0.000000000000000000e+00
0.000000000000000000e+00
0.000000000000000000e+00
5.586057528853416443e-02
0.000000000000000000e+00
1.978241443634033203e+00
0.000000000000000000e+00
0.000000000000000000e+00
1.948980212211608887e+00
1.543020159006118774e-01
2.235661983489990234e+00
0.000000000000000000e+00
2.572031974792480469e+00
4.931411743164062500e-01
5.847651511430740356e-02
1.201853871345520020e+00
7.514107823371887207e-01
0.000000000000000000e+00
0.000000000000000000e+00
0.000000000000000000e+00
1.603154420852661133e+00
8.605621337890625000e+00
3.369778767228126526e-02
0.000000000000000000e+00
1.047213196754455566e+00
2.783619403839111328e+00
4.312946647405624390e-02
9.564832687377929688e+00
0.000000000000000000e+00
1.639022976160049438e-01
3.651652112603187561e-02
0.000000000000000000e+00
3.453616857528686523e+00
5.152394175529479980e-01
0.000000000000000000e+00
1.538873553276062012e+00
6.923369407653808594e+00
0.000000000000000000e+00
2.571010589599609375e-01
0.000000000000000000e+00
0.000000000000000000e+00
4.018381237983703613e-02
0.000000000000000000e+00
6.653366088867187500e-01
0.000000000000000000e+00
0.000000000000000000e+00
8.520729541778564453e-01
0.000000000000000000e+00
1.328240334987640381e-01
0.000000000000000000e+00
1.628590106964111328e+00
0.000000000000000000e+00
0.000000000000000000e+00
0.000000000000000000e+00
5.350720286369323730e-01
0.000000000000000000e+00
0.000000000000000000e+00
0.000000000000000000e+00
0.000000000000000000e+00
4.465988576412200928e-01
1.016246914863586426e+00
4.916320145130157471e-01
5.140899419784545898e-01
0.000000000000000000e+00
1.288520693778991699e-01
0.000000000000000000e+00
0.000000000000000000e+00
1.381227016448974609e+01
0.000000000000000000e+00
1.183640211820602417e-01
0.000000000000000000e+00
1.788720846176147461e+00
3.196976780891418457e-01
2.734583104029297829e-03
6.506554782390594482e-02
0.000000000000000000e+00
0.000000000000000000e+00
0.000000000000000000e+00
1.778095364570617676e-01
2.595943689346313477e+00
0.000000000000000000e+00
1.254667162895202637e+00
0.000000000000000000e+00
0.000000000000000000e+00
0.000000000000000000e+00
1.767402410507202148e+00
0.000000000000000000e+00
1.805869340896606445e+00
0.000000000000000000e+00
4.625546932220458984e+00
2.731670141220092773e+00
2.337465435266494751e-01
8.065043687820434570e-01
0.000000000000000000e+00
1.845746612548828125e+01
1.586790084838867188e-01
0.000000000000000000e+00
0.000000000000000000e+00
1.266628503799438477e+00
2.092468023300170898e+00
0.000000000000000000e+00
0.000000000000000000e+00
0.000000000000000000e+00
4.546498060226440430e-01
0.000000000000000000e+00
2.408591270446777344e+00
0.000000000000000000e+00
1.816240072250366211e+00
2.898094892501831055e+00
9.329592436552047729e-02
1.418794274330139160e+00
0.000000000000000000e+00
7.305306434631347656e+00
4.630205154418945312e+00
0.000000000000000000e+00
5.526200532913208008e-01
2.136387443542480469e+01
2.750571072101593018e-01
1.535568523406982422e+01
0.000000000000000000e+00
0.000000000000000000e+00
0.000000000000000000e+00
5.695251464843750000e+00
0.000000000000000000e+00
0.000000000000000000e+00
4.655546247959136963e-01
0.000000000000000000e+00
7.457376718521118164e-01
4.105521202087402344e+00
5.282948493957519531e+00
0.000000000000000000e+00
0.000000000000000000e+00
0.000000000000000000e+00
0.000000000000000000e+00
0.000000000000000000e+00
0.000000000000000000e+00
0.000000000000000000e+00
9.040813148021697998e-02
0.000000000000000000e+00
2.341401100158691406e+00
1.156424283981323242e+00
0.000000000000000000e+00
1.930380344390869141e+00
2.866513431072235107e-01
5.281721353530883789e-01
3.668693304061889648e+00
0.000000000000000000e+00
0.000000000000000000e+00
4.552220180630683899e-02
1.247240081429481506e-01
1.912698030471801758e+00
3.731458187103271484e-01
4.908830821514129639e-01
7.292757630348205566e-01
4.628886699676513672e+00
0.000000000000000000e+00
2.084616899490356445e+00
8.435790240764617920e-02
6.245412826538085938e+00
2.524641454219818115e-01
1.213072463870048523e-01
1.085439994931221008e-01
9.647604078054428101e-02
7.702112942934036255e-02
6.668071448802947998e-02
0.000000000000000000e+00
0.000000000000000000e+00
0.000000000000000000e+00
3.229263544082641602e+00
1.663102507591247559e+00
0.000000000000000000e+00
0.000000000000000000e+00
1.140291571617126465e+00
0.000000000000000000e+00
0.000000000000000000e+00
0.000000000000000000e+00
2.823778092861175537e-01
0.000000000000000000e+00
5.919720977544784546e-02
0.000000000000000000e+00
0.000000000000000000e+00
0.000000000000000000e+00
0.000000000000000000e+00
5.440531969070434570e-01
1.424785137176513672e+00
4.875463247299194336e-01
0.000000000000000000e+00
0.000000000000000000e+00
6.902964115142822266e+00
4.478155672550201416e-01
0.000000000000000000e+00
7.812367379665374756e-02
6.467718482017517090e-01
0.000000000000000000e+00
1.204351149499416351e-02
2.600073814392089844e-02
2.346319675445556641e+00
2.099332571029663086e+00
0.000000000000000000e+00
0.000000000000000000e+00
0.000000000000000000e+00
1.369908824563026428e-02
0.000000000000000000e+00
9.111100435256958008e-01
0.000000000000000000e+00
0.000000000000000000e+00
0.000000000000000000e+00
3.720676660537719727e+00
1.818944811820983887e+00
4.490024968981742859e-02
0.000000000000000000e+00
0.000000000000000000e+00
0.000000000000000000e+00
6.648222446441650391e+00
3.134548187255859375e+00
4.466994702816009521e-01
0.000000000000000000e+00
0.000000000000000000e+00
0.000000000000000000e+00
9.038616418838500977e-01
0.000000000000000000e+00
1.412319540977478027e+00
2.840279042720794678e-01
5.822405219078063965e-02
7.195307016372680664e-01
0.000000000000000000e+00
1.548109531402587891e+00
0.000000000000000000e+00
1.130434799194335938e+01
0.000000000000000000e+00
5.292345285415649414e-01
0.000000000000000000e+00
1.026818394660949707e+00
0.000000000000000000e+00
7.130255550146102905e-02
6.815536499023437500e+00
0.000000000000000000e+00
4.235279083251953125e+00
6.511988043785095215e-01
9.264079481363296509e-02
0.000000000000000000e+00
9.630112051963806152e-01
8.026854395866394043e-01
4.239782392978668213e-01
1.888745874166488647e-01
2.543201684951782227e+00
0.000000000000000000e+00
0.000000000000000000e+00
5.263587832450866699e-01
1.737674236297607422e+00
1.318498104810714722e-01
2.501653134822845459e-01
5.860032558441162109e+00
0.000000000000000000e+00
2.322212934494018555e+00
2.062168121337890625e+00
0.000000000000000000e+00
2.151851058006286621e-01
2.411782294511795044e-01
1.762137293815612793e+00
1.271183371543884277e+00
8.016815185546875000e-01
1.103364849090576172e+01
0.000000000000000000e+00
1.419294834136962891e+00
2.205782532691955566e-01
0.000000000000000000e+00
1.393984436988830566e+00
0.000000000000000000e+00
0.000000000000000000e+00
4.845982551574707031e+00
1.039084911346435547e+00
9.429693222045898438e-01
5.087865889072418213e-02
2.573381364345550537e-01
9.631430357694625854e-02
0.000000000000000000e+00
0.000000000000000000e+00
0.000000000000000000e+00
0.000000000000000000e+00
0.000000000000000000e+00
2.759089231491088867e+00
1.867125153541564941e+00
0.000000000000000000e+00
1.108408927917480469e+00
0.000000000000000000e+00
0.000000000000000000e+00
6.291248321533203125e+00
0.000000000000000000e+00
9.924808144569396973e-01
4.626948833465576172e-01
5.081725493073463440e-02
4.119604453444480896e-02
0.000000000000000000e+00
2.699460983276367188e+00
3.976194858551025391e+00
0.000000000000000000e+00
4.248106002807617188e+00
1.077402848750352859e-02
0.000000000000000000e+00
1.636735081672668457e+00
0.000000000000000000e+00
0.000000000000000000e+00
2.873817384243011475e-01
7.656453847885131836e-01
1.039039254188537598e+00
0.000000000000000000e+00
1.506694555282592773e+00
1.174893498420715332e+00
0.000000000000000000e+00
8.823077082633972168e-01
9.362076222896575928e-02
0.000000000000000000e+00
3.378057181835174561e-01
0.000000000000000000e+00
0.000000000000000000e+00
0.000000000000000000e+00
0.000000000000000000e+00
3.203274905681610107e-01
4.792708158493041992e-01
8.917337656021118164e-02
0.000000000000000000e+00
0.000000000000000000e+00
8.167511224746704102e-01
2.687106370925903320e+00
2.381321042776107788e-01
0.000000000000000000e+00
0.000000000000000000e+00
0.000000000000000000e+00
2.091611772775650024e-01
8.981809616088867188e-01
0.000000000000000000e+00
0.000000000000000000e+00
7.348259091377258301e-01
1.816415905952453613e+00
2.949277162551879883e-01
4.076197743415832520e-01
0.000000000000000000e+00
1.293697655200958252e-01
2.529440075159072876e-02
5.323209762573242188e+00
0.000000000000000000e+00
0.000000000000000000e+00
2.940660476684570312e+00
2.723259449005126953e+00
0.000000000000000000e+00
2.120195329189300537e-01
0.000000000000000000e+00
6.993462443351745605e-01
0.000000000000000000e+00
1.642438918352127075e-01
0.000000000000000000e+00
3.799568653106689453e+00
6.737946271896362305e-01
0.000000000000000000e+00
8.988731503486633301e-01
8.550453186035156250e-01
0.000000000000000000e+00
0.000000000000000000e+00
4.787140369415283203e+00
9.778456091880798340e-01
8.954895019531250000e+00
3.897317647933959961e-01
1.000342369079589844e-01
1.953384429216384888e-01
6.227493286132812500e-03
0.000000000000000000e+00
3.540182352066040039e+00
0.000000000000000000e+00
6.538914680480957031e+00
0.000000000000000000e+00
1.226287961006164551e+00
1.850795626640319824e+00
2.345651388168334961e-02
0.000000000000000000e+00
3.385359048843383789e+00
0.000000000000000000e+00
1.604145288467407227e+00
9.291458129882812500e-01
0.000000000000000000e+00
0.000000000000000000e+00
6.599203348159790039e-01
9.658528327941894531e+00
3.222752094268798828e+00
0.000000000000000000e+00
0.000000000000000000e+00
0.000000000000000000e+00
0.000000000000000000e+00
4.612567275762557983e-02
2.769497409462928772e-02
3.515874966979026794e-02
0.000000000000000000e+00
0.000000000000000000e+00
0.000000000000000000e+00
2.622013807296752930e+00
8.225805759429931641e-01
0.000000000000000000e+00
0.000000000000000000e+00
1.001141965389251709e-02
0.000000000000000000e+00
0.000000000000000000e+00
0.000000000000000000e+00
2.464377088472247124e-03
6.622808575630187988e-01
0.000000000000000000e+00
1.270717382431030273e+00
3.652104735374450684e-01
2.478922605514526367e+00
0.000000000000000000e+00
1.721532106399536133e+00
3.842814564704895020e-01
7.559313774108886719e-01
0.000000000000000000e+00
2.189924955368041992e+00
5.229113698005676270e-01
1.704429054260253906e+01
0.000000000000000000e+00
2.893157482147216797e+00
1.757709741592407227e+00
1.240401506423950195e+00
0.000000000000000000e+00
1.433126640319824219e+01
5.669530868530273438e+00
0.000000000000000000e+00
0.000000000000000000e+00
0.000000000000000000e+00
0.000000000000000000e+00
0.000000000000000000e+00
0.000000000000000000e+00
0.000000000000000000e+00
7.688953280448913574e-01
1.887380242347717285e+00
1.638481020927429199e-01
1.003186702728271484e+00
5.695091724395751953e+00
1.346312522888183594e+00
0.000000000000000000e+00
1.894910931587219238e-01
1.209140181541442871e+00
3.259816646575927734e+00
3.960152387619018555e+00
3.653374910354614258e-01
0.000000000000000000e+00
9.629843235015869141e-01
1.139714241027832031e+00
1.094877719879150391e+00
0.000000000000000000e+00
4.825116157531738281e+00
0.000000000000000000e+00
0.000000000000000000e+00
0.000000000000000000e+00
0.000000000000000000e+00
1.287633061408996582e+00
7.338170707225799561e-02
9.590539336204528809e-01
2.099825069308280945e-02
0.000000000000000000e+00
0.000000000000000000e+00
0.000000000000000000e+00
0.000000000000000000e+00
1.672826521098613739e-02
4.121561646461486816e-01
6.920244544744491577e-02
1.865734159946441650e-01
0.000000000000000000e+00
0.000000000000000000e+00
0.000000000000000000e+00
1.103471517562866211e+00
2.031270042061805725e-02
2.012227624654769897e-01
0.000000000000000000e+00
2.495548874139785767e-01
0.000000000000000000e+00
0.000000000000000000e+00
0.000000000000000000e+00
1.153560996055603027e+00
8.213264346122741699e-01
0.000000000000000000e+00
1.245555162429809570e+00
7.335086822509765625e+00
0.000000000000000000e+00
8.205050468444824219e+00
1.544334530830383301e+00
0.000000000000000000e+00
0.000000000000000000e+00
6.267524242401123047e+00
1.188508421182632446e-01
1.690041832625865936e-02
0.000000000000000000e+00
0.000000000000000000e+00
1.474357366561889648e+00
2.062821388244628906e+00
8.099216222763061523e-02
8.428691029548645020e-01
2.086351364850997925e-01
4.218577861785888672e+00
1.290528893470764160e+00
5.979649066925048828e+00
0.000000000000000000e+00
4.593636691570281982e-01
0.000000000000000000e+00
0.000000000000000000e+00
5.646915435791015625e+00
4.205183029174804688e+00
0.000000000000000000e+00
9.105485677719116211e-02
0.000000000000000000e+00
1.074321195483207703e-01
0.000000000000000000e+00
2.028442382812500000e+01
3.810602128505706787e-01
1.662381553649902344e+01
0.000000000000000000e+00
0.000000000000000000e+00
3.107031881809234619e-01
5.566419288516044617e-02
2.479005903005599976e-01
0.000000000000000000e+00
7.738818168640136719e+00
2.288222122192382812e+01
0.000000000000000000e+00
