1.401888132095336914e+00
2.127853870391845703e+00
0.000000000000000000e+00
1.429136180877685547e+01
2.431876659393310547e-01
0.000000000000000000e+00
2.755299329757690430e+00
9.384484291076660156e+00
0.000000000000000000e+00
0.000000000000000000e+00
3.863499965518712997e-03
0.000000000000000000e+00
0.000000000000000000e+00
2.175218909978866577e-01
5.875084996223449707e-01
4.556324798613786697e-03
0.000000000000000000e+00
0.000000000000000000e+00
1.309302449226379395e-01
0.000000000000000000e+00
7.172346711158752441e-01
0.000000000000000000e+00
0.000000000000000000e+00
0.000000000000000000e+00
0.000000000000000000e+00
0.000000000000000000e+00
2.471745252609252930e+00
5.125785246491432190e-02
2.472785234451293945e+00
0.000000000000000000e+00
2.635005235671997070e+00
4.688577353954315186e-01
3.816781044006347656e+00
4.895941913127899170e-01
2.125148773193359375e+00
0.000000000000000000e+00
3.983197927474975586e+00
0.000000000000000000e+00
1.079098463058471680e+00
2.211672663688659668e-01
5.232915878295898438e-01
1.068321704864501953e+00
2.066121399402618408e-01
2.171626806259155273e+00
0.000000000000000000e+00
3.563378095626831055e+00
8.623207211494445801e-01
1.245367050170898438e+01
1.590761728584766388e-02
1.698495820164680481e-02
0.000000000000000000e+00
0.000000000000000000e+00
3.646580129861831665e-02
2.115754969418048859e-02
0.000000000000000000e+00
0.000000000000000000e+00
1.207394972443580627e-01
0.000000000000000000e+00
7.682104110717773438e-01
2.109762430191040039e+00
4.730113595724105835e-02
2.288856804370880127e-01
9.635259628295898438e+00
1.352879405021667480e+00
0.000000000000000000e+00
3.022999048233032227e+00
0.000000000000000000e+00
0.000000000000000000e+00
0.000000000000000000e+00
4.397549852728843689e-02
1.886619329452514648e+00
3.394463300704956055e+00
0.000000000000000000e+00
1.047963809967041016e+01
2.132693290710449219e+00
0.000000000000000000e+00
8.699892997741699219e+00
0.000000000000000000e+00
0.000000000000000000e+00
0.000000000000000000e+00
5.123527526855468750e+00
3.064903803169727325e-02
0.000000000000000000e+00
0.000000000000000000e+00
0.000000000000000000e+00
4.110041558742523193e-01
1.574042916297912598e+00
7.631416916847229004e-01
0.000000000000000000e+00
7.532278895378112793e-01
8.042106032371520996e-02
2.645411714911460876e-02
1.018790125846862793e+00
0.000000000000000000e+00
4.034577846527099609e+00
0.000000000000000000e+00
5.213068008422851562e+00
3.504096746444702148e+00
1.001965403556823730e+00
0.000000000000000000e+00
6.323880553245544434e-01
1.618417948484420776e-01
0.000000000000000000e+00
0.000000000000000000e+00
6.303512305021286011e-02
7.702042907476425171e-02
1.205575466156005859e+00
0.000000000000000000e+00
2.241894043982028961e-02
9.126098632812500000e+00
0.000000000000000000e+00
5.237682819366455078e+00
1.757785677909851074e+00
9.986791759729385376e-02
0.000000000000000000e+00
0.000000000000000000e+00
3.046637535095214844e+00
6.406597048044204712e-02
0.000000000000000000e+00
1.547854304313659668e+00
0.000000000000000000e+00
0.000000000000000000e+00
8.172579854726791382e-02
7.445997595787048340e-01
7.725169658660888672e+00
0.000000000000000000e+00
0.000000000000000000e+00
1.789490699768066406e+00
0.000000000000000000e+00
3.528179883956909180e+00
0.000000000000000000e+00
7.514685392379760742e-01
5.233113288879394531e+00
0.000000000000000000e+00
7.045220118016004562e-03
0.000000000000000000e+00
0.000000000000000000e+00
4.049536585807800293e-01
4.298240542411804199e-01
0.000000000000000000e+00
0.000000000000000000e+00
0.000000000000000000e+00
0.000000000000000000e+00
0.000000000000000000e+00
0.000000000000000000e+00
3.350228443741798401e-02
0.000000000000000000e+00
2.872871160507202148e+00
5.440960526466369629e-01
0.000000000000000000e+00
7.346335053443908691e-01
1.829211616516113281e+01
6.869646072387695312e+00
1.785812377929687500e-01
1.044952392578125000e+00
1.993757486343383789e-01
6.061512976884841919e-02
0.000000000000000000e+00
8.408603072166442871e-02
0.000000000000000000e+00
2.426359988749027252e-02
3.106300234794616699e-01
3.823770523071289062e+00
1.421173691749572754e+00
0.000000000000000000e+00
5.556728243827819824e-01
8.942314386367797852e-01
0.000000000000000000e+00
2.028539085388183594e+01
1.254024147987365723e+00
5.936590209603309631e-02
0.000000000000000000e+00
0.000000000000000000e+00
0.000000000000000000e+00
0.000000000000000000e+00
0.000000000000000000e+00
5.024748295545578003e-02
9.661308526992797852e-01
3.052259206771850586e+00
0.000000000000000000e+00
9.880177974700927734e-01
5.708410263061523438e+00
1.290643364191055298e-01
0.000000000000000000e+00
1.344840621948242188e+01
0.000000000000000000e+00
4.674492180347442627e-01
1.785839796066284180e+00
2.451110780239105225e-01
0.000000000000000000e+00
0.000000000000000000e+00
0.000000000000000000e+00
8.798056095838546753e-02
1.075002327561378479e-01
1.703876972198486328e+00
0.000000000000000000e+00
5.144866704940795898e-01
0.000000000000000000e+00
0.000000000000000000e+00
3.568099498748779297e+00
2.284858189523220062e-02
0.000000000000000000e+00
6.245073303580284119e-02
3.860088065266609192e-02
0.000000000000000000e+00
0.000000000000000000e+00
0.000000000000000000e+00
0.000000000000000000e+00
0.000000000000000000e+00
1.012320369482040405e-01
1.229481305927038193e-02
4.443161189556121826e-01
5.031014680862426758e-01
6.410133838653564453e+00
1.058695793151855469e+00
0.000000000000000000e+00
0.000000000000000000e+00
9.931273013353347778e-02
0.000000000000000000e+00
2.429137676954269409e-01
4.449147701263427734e+00
0.000000000000000000e+00
1.531347751617431641e+00
1.535286009311676025e-01
3.904567658901214600e-01
0.000000000000000000e+00
1.091296195983886719e+00
1.775811433792114258e+00
0.000000000000000000e+00
9.108763188123703003e-02
0.000000000000000000e+00
0.000000000000000000e+00
7.707955360412597656e+00
2.818016052246093750e+00
9.240403771400451660e-01
0.000000000000000000e+00
6.186680793762207031e-01
0.000000000000000000e+00
0.000000000000000000e+00
5.977663993835449219e+00
0.000000000000000000e+00
3.803953826427459717e-01
2.491877079010009766e+00
1.493493795394897461e+00
0.000000000000000000e+00
1.847903728485107422e+00
1.014082551002502441e+00
1.413119792938232422e+00
0.000000000000000000e+00
5.888944491744041443e-02
0.000000000000000000e+00
2.452655792236328125e+00
1.124722957611083984e-01
0.000000000000000000e+00
0.000000000000000000e+00
0.000000000000000000e+00
3.454742908477783203e+00
1.764556884765625000e+00
0.000000000000000000e+00
0.000000000000000000e+00
0.000000000000000000e+00
1.089313745498657227e+00
0.000000000000000000e+00
0.000000000000000000e+00
1.207692474126815796e-01
0.000000000000000000e+00
6.758837699890136719e-01
1.313571810722351074e+00
0.000000000000000000e+00
2.490955114364624023e+00
6.267229914665222168e-01
3.881414175033569336e+00
1.403253376483917236e-01
2.806524373590946198e-02
1.735628724098205566e+00
1.534804552793502808e-01
0.000000000000000000e+00
0.000000000000000000e+00
0.000000000000000000e+00
1.095177754759788513e-01
0.000000000000000000e+00
1.201493859291076660e+00
0.000000000000000000e+00
1.768843078613281250e+01
0.000000000000000000e+00
2.022014379501342773e+00
0.000000000000000000e+00
0.000000000000000000e+00
6.127324104309082031e-01
8.201932311058044434e-01
0.000000000000000000e+00
0.000000000000000000e+00
6.436921656131744385e-02
5.990890264511108398e-01
0.000000000000000000e+00
2.671574652194976807e-01
0.000000000000000000e+00
0.000000000000000000e+00
0.000000000000000000e+00
0.000000000000000000e+00
0.000000000000000000e+00
0.000000000000000000e+00
2.352878332138061523e+00
2.084393119812011719e+01
0.000000000000000000e+00
0.000000000000000000e+00
3.995245456695556641e+00
0.000000000000000000e+00
1.500769042968750000e+01
4.314946383237838745e-02
1.291911751031875610e-01
0.000000000000000000e+00
1.374981641769409180e+00
0.000000000000000000e+00
4.540400505065917969e-01
0.000000000000000000e+00
1.411814451217651367e+00
0.000000000000000000e+00
0.000000000000000000e+00
2.880487918853759766e+00
0.000000000000000000e+00
0.000000000000000000e+00
1.041285810060799122e-03
0.000000000000000000e+00
0.000000000000000000e+00
1.749365627765655518e-01
9.440369009971618652e-01
7.449607849121093750e-01
0.000000000000000000e+00
0.000000000000000000e+00
0.000000000000000000e+00
1.843908801674842834e-02
0.000000000000000000e+00
0.000000000000000000e+00
0.000000000000000000e+00
6.277595758438110352e-01
3.599279746413230896e-02
8.449892513453960419e-03
3.131264448165893555e+00
3.376255512237548828e+00
3.774498939514160156e+00
0.000000000000000000e+00
8.390944004058837891e-01
6.685260683298110962e-02
0.000000000000000000e+00
2.492345422506332397e-01
0.000000000000000000e+00
7.973764091730117798e-02
6.249861717224121094e-01
3.276816844940185547e+00
1.794789910316467285e+00
0.000000000000000000e+00
0.000000000000000000e+00
2.979398012161254883e+00
5.543260835111141205e-03
2.191357374191284180e+00
0.000000000000000000e+00
0.000000000000000000e+00
0.000000000000000000e+00
2.701811552047729492e+00
3.700182437896728516e-01
0.000000000000000000e+00
8.692464828491210938e-01
0.000000000000000000e+00
0.000000000000000000e+00
2.669158220291137695e+00
0.000000000000000000e+00
0.000000000000000000e+00
8.388020098209381104e-02
6.777164459228515625e+00
6.491326540708541870e-02
9.082212448120117188e-01
1.175317913293838501e-02
1.443563580513000488e+00
0.000000000000000000e+00
1.753317356109619141e+00
0.000000000000000000e+00
0.000000000000000000e+00
0.000000000000000000e+00
0.000000000000000000e+00
7.091991603374481201e-03
0.000000000000000000e+00
0.000000000000000000e+00
1.931957602500915527e+00
0.000000000000000000e+00
1.352907776832580566e+00
0.000000000000000000e+00
5.393456935882568359e+00
0.000000000000000000e+00
1.428621858358383179e-01
2.595778942108154297e+00
2.694015026092529297e+00
0.000000000000000000e+00
2.332366943359375000e+00
1.141979217529296875e+00
1.674348115921020508e-01
0.000000000000000000e+00
8.110024333000183105e-01
5.615401268005371094e+00
0.000000000000000000e+00
1.951743066310882568e-01
0.000000000000000000e+00
0.000000000000000000e+00
4.828329980373382568e-01
1.241766333580017090e+00
0.000000000000000000e+00
0.000000000000000000e+00
0.000000000000000000e+00
0.000000000000000000e+00
1.455925655364990234e+01
0.000000000000000000e+00
5.135155200958251953e+00
0.000000000000000000e+00
2.160384178161621094e+00
1.017729568481445312e+01
0.000000000000000000e+00
0.000000000000000000e+00
0.000000000000000000e+00
2.417474091053009033e-01
0.000000000000000000e+00
0.000000000000000000e+00
0.000000000000000000e+00
2.353176707401871681e-03
0.000000000000000000e+00
3.075508214533329010e-02
9.001655578613281250e-01
1.517676353454589844e+01
0.000000000000000000e+00
0.000000000000000000e+00
7.735137641429901123e-02
2.265142202377319336e+00
2.092067152261734009e-01
0.000000000000000000e+00
7.481842488050460815e-02
1.138967752456665039e+00
0.000000000000000000e+00
1.694880425930023193e-01
9.669670462608337402e-01
1.079364642500877380e-01
7.483407109975814819e-02
2.036540396511554718e-02
0.000000000000000000e+00
2.353549480438232422e+00
0.000000000000000000e+00
4.211162030696868896e-02
1.993766129016876221e-01
6.310639381408691406e-01
0.000000000000000000e+00
0.000000000000000000e+00
1.241561099886894226e-01
6.867407321929931641e+00
3.517253160476684570e+00
7.504486292600631714e-02
6.665872037410736084e-02
2.749182283878326416e-01
1.437484860420227051e+00
0.000000000000000000e+00
0.000000000000000000e+00
8.939554691314697266e-01
0.000000000000000000e+00
7.802779078483581543e-01
0.000000000000000000e+00
1.101108837127685547e+01
4.872273281216621399e-02
1.622598767280578613e+00
6.412014961242675781e+00
1.162070870399475098e+00
0.000000000000000000e+00
8.509754389524459839e-02
3.147590398788452148e+00
9.456279754638671875e+00
4.187977313995361328e+00
1.727320998907089233e-01
0.000000000000000000e+00
1.384103202819824219e+01
0.000000000000000000e+00
0.000000000000000000e+00
0.000000000000000000e+00
2.869426012039184570e-01
0.000000000000000000e+00
2.102562971413135529e-02
1.429528355598449707e+00
0.000000000000000000e+00
0.000000000000000000e+00
2.507167100906372070e+00
0.000000000000000000e+00
0.000000000000000000e+00
0.000000000000000000e+00
1.103755384683609009e-01
7.810516655445098877e-02
4.122895002365112305e-02
0.000000000000000000e+00
4.832930564880371094e+00
3.213340044021606445e-02
9.365031123161315918e-02
2.163545846939086914e+00
0.000000000000000000e+00
1.357463374733924866e-02
1.473939609527587891e+01
0.000000000000000000e+00
1.038552165031433105e+00
2.405781149864196777e-01
0.000000000000000000e+00
0.000000000000000000e+00
0.000000000000000000e+00
7.336752414703369141e-01
0.000000000000000000e+00
1.424942731857299805e+00
0.000000000000000000e+00
2.028456628322601318e-01
0.000000000000000000e+00
0.000000000000000000e+00
0.000000000000000000e+00
5.972638260573148727e-03
2.707384526729583740e-01
0.000000000000000000e+00
0.000000000000000000e+00
1.039796829223632812e+00
2.199533939361572266e+00
9.388556480407714844e-01
3.904346376657485962e-02
0.000000000000000000e+00
9.877531528472900391e-01
1.506810784339904785e+00
2.257590368390083313e-02
2.906064391136169434e-01
5.106222629547119141e+00
6.959130167961120605e-01
0.000000000000000000e+00
5.785338580608367920e-03
0.000000000000000000e+00
2.400385856628417969e+00
3.830032646656036377e-01
0.000000000000000000e+00
3.324807882308959961e-01
0.000000000000000000e+00
0.000000000000000000e+00
0.000000000000000000e+00
0.000000000000000000e+00
0.000000000000000000e+00
6.618556380271911621e-01
3.989029407501220703e+00
5.293864727020263672e+00
2.914969205856323242e+00
3.601277112960815430e+00
2.138771057128906250e+00
0.000000000000000000e+00
0.000000000000000000e+00
4.033903181552886963e-01
0.000000000000000000e+00
2.432369232177734375e+00
0.000000000000000000e+00
0.000000000000000000e+00
0.000000000000000000e+00
0.000000000000000000e+00
0.000000000000000000e+00
0.000000000000000000e+00
0.000000000000000000e+00
0.000000000000000000e+00
1.023436803370714188e-02
4.931733384728431702e-02
0.000000000000000000e+00
3.030353069305419922e+00
0.000000000000000000e+00
1.250917553901672363e+00
3.672312712296843529e-03
0.000000000000000000e+00
0.000000000000000000e+00
1.739475727081298828e+00
0.000000000000000000e+00
0.000000000000000000e+00
1.442889451980590820e+00
0.000000000000000000e+00
2.002336978912353516e+00
4.820154190063476562e+00
0.000000000000000000e+00
2.600973546504974365e-01
7.927875041961669922e+00
8.812741935253143311e-02
5.841486528515815735e-02
8.368160128593444824e-01
0.000000000000000000e+00
7.226048503071069717e-03
0.000000000000000000e+00
5.140093803405761719e+00
0.000000000000000000e+00
1.474982976913452148e+00
0.000000000000000000e+00
3.162174522876739502e-01
0.000000000000000000e+00
4.720475196838378906e+00
0.000000000000000000e+00
4.001819610595703125e+00
0.000000000000000000e+00
5.014540195465087891e+00
8.137699127197265625e+00
0.000000000000000000e+00
2.470939010381698608e-01
1.608308911323547363e+00
0.000000000000000000e+00
2.082905033603310585e-03
0.000000000000000000e+00
3.025540709495544434e-01
8.690921783447265625e+00
0.000000000000000000e+00
1.271543055772781372e-01
0.000000000000000000e+00
2.260090857744216919e-01
3.476255238056182861e-01
1.444761902093887329e-01
2.711994051933288574e-01
0.000000000000000000e+00
4.122903823852539062e+00
0.000000000000000000e+00
0.000000000000000000e+00
0.000000000000000000e+00
3.558171033859252930e+00
8.711320161819458008e-02
6.856198906898498535e-01
0.000000000000000000e+00
3.070879913866519928e-02
5.304123163223266602e-01
0.000000000000000000e+00
1.428201794624328613e+00
1.054325252771377563e-01
1.155535221099853516e+01
0.000000000000000000e+00
1.600395679473876953e+00
0.000000000000000000e+00
2.671085596084594727e+00
2.235309928655624390e-01
0.000000000000000000e+00
5.698933824896812439e-02
0.000000000000000000e+00
3.770800828933715820e+00
0.000000000000000000e+00
2.867067337036132812e+00
7.438025474548339844e+00
0.000000000000000000e+00
0.000000000000000000e+00
2.366978526115417480e-01
1.297890990972518921e-01
2.777861952781677246e-01
0.000000000000000000e+00
2.306584596633911133e+00
0.000000000000000000e+00
0.000000000000000000e+00
0.000000000000000000e+00
1.993188738822937012e+00
4.900802969932556152e-01
0.000000000000000000e+00
7.873527407646179199e-01
2.240206241607666016e+00
1.328961133956909180e+00
3.414712846279144287e-01
5.122743844985961914e-01
0.000000000000000000e+00
0.000000000000000000e+00
0.000000000000000000e+00
0.000000000000000000e+00
6.360529065132141113e-01
0.000000000000000000e+00
6.431722640991210938e-01
3.130274116992950439e-01
0.000000000000000000e+00
0.000000000000000000e+00
0.000000000000000000e+00
1.614342808723449707e+00
0.000000000000000000e+00
4.521952271461486816e-01
0.000000000000000000e+00
6.931339263916015625e+00
1.293776750564575195e+00
0.000000000000000000e+00
0.000000000000000000e+00
0.000000000000000000e+00
0.000000000000000000e+00
0.000000000000000000e+00
0.000000000000000000e+00
0.000000000000000000e+00
5.210105776786804199e-01
0.000000000000000000e+00
1.717000246047973633e+00
7.350264191627502441e-01
2.174622344970703125e+01
0.000000000000000000e+00
7.785320281982421875e-01
0.000000000000000000e+00
5.087575316429138184e-01
4.542446613311767578e+00
0.000000000000000000e+00
2.908449769020080566e-01
0.000000000000000000e+00
0.000000000000000000e+00
9.478419423103332520e-01
2.504799962043762207e-01
3.442838042974472046e-02
4.277964122593402863e-03
3.339991346001625061e-02
0.000000000000000000e+00
0.000000000000000000e+00
1.166624546051025391e+00
6.016948223114013672e+00
4.839843273162841797e+00
0.000000000000000000e+00
7.763573527336120605e-01
0.000000000000000000e+00
0.000000000000000000e+00
5.233913421630859375e+00
5.851722359657287598e-01
2.920160889625549316e-01
3.199508190155029297e+00
0.000000000000000000e+00
2.709577381610870361e-01
3.907853126525878906e+00
4.798492491245269775e-01
4.250451624393463135e-01
3.624401390552520752e-01
1.842505931854248047e-01
7.752442359924316406e-01
3.383974075317382812e+00
6.535138487815856934e-01
0.000000000000000000e+00
7.431095123291015625e+00
2.137457084655761719e+01
5.385475635528564453e+00
0.000000000000000000e+00
7.229916453361511230e-01
0.000000000000000000e+00
0.000000000000000000e+00
0.000000000000000000e+00
0.000000000000000000e+00
4.595867693424224854e-01
0.000000000000000000e+00
1.089851617813110352e+00
1.303603593260049820e-02
0.000000000000000000e+00
0.000000000000000000e+00
5.440747737884521484e+00
0.000000000000000000e+00
3.259475231170654297e+00
1.072277545928955078e+00
1.400032997131347656e+00
1.078157499432563782e-02
3.761621713638305664e+00
0.000000000000000000e+00
3.535037161782383919e-03
5.006930232048034668e-02
2.792844200134277344e+01
3.658020496368408203e-01
0.000000000000000000e+00
0.000000000000000000e+00
0.000000000000000000e+00
0.000000000000000000e+00
0.000000000000000000e+00
1.133882552385330200e-01
4.648360013961791992e-01
0.000000000000000000e+00
3.961875915527343750e+00
0.000000000000000000e+00
3.346112323924899101e-03
6.185293674468994141e+00
2.028056420385837555e-03
1.286981701850891113e-01
7.391522824764251709e-02
0.000000000000000000e+00
0.000000000000000000e+00
1.470570802688598633e+00
7.145997285842895508e-01
0.000000000000000000e+00
0.000000000000000000e+00
1.307566404342651367e+00
0.000000000000000000e+00
4.645723819732666016e+00
1.426442414522171021e-01
4.641639813780784607e-02
8.772997260093688965e-01
0.000000000000000000e+00
3.985266208648681641e+00
0.000000000000000000e+00
0.000000000000000000e+00
2.323334932327270508e+00
0.000000000000000000e+00
0.000000000000000000e+00
1.918546706438064575e-01
1.060837283730506897e-01
6.121916174888610840e-01
0.000000000000000000e+00
1.132217788696289062e+01
4.525578320026397705e-01
3.367254972457885742e+00
1.135882019996643066e+00
6.373643130064010620e-02
8.962405920028686523e-01
2.070827722549438477e+00
2.112090110778808594e+00
0.000000000000000000e+00
0.000000000000000000e+00
5.306103825569152832e-01
0.000000000000000000e+00
0.000000000000000000e+00
0.000000000000000000e+00
3.031081676483154297e+00
0.000000000000000000e+00
0.000000000000000000e+00
0.000000000000000000e+00
0.000000000000000000e+00
9.801682829856872559e-01
2.176725387573242188e+00
5.557045936584472656e+00
3.449772357940673828e+00
6.313109397888183594e-02
2.135879516601562500e+00
4.272079467773437500e-02
8.904591798782348633e-01
4.156159237027168274e-02
6.834745407104492188e-03
0.000000000000000000e+00
0.000000000000000000e+00
3.302990496158599854e-01
0.000000000000000000e+00
1.896784782409667969e+00
1.876112937927246094e+00
0.000000000000000000e+00
0.000000000000000000e+00
1.150040626525878906e+00
0.000000000000000000e+00
0.000000000000000000e+00
0.000000000000000000e+00
1.219851002097129822e-01
0.000000000000000000e+00
0.000000000000000000e+00
8.023770153522491455e-02
0.000000000000000000e+00
0.000000000000000000e+00
2.445321381092071533e-01
0.000000000000000000e+00
7.424120604991912842e-02
0.000000000000000000e+00
0.000000000000000000e+00
4.089487552642822266e+00
9.375015497207641602e-01
4.954099178314208984e+00
0.000000000000000000e+00
0.000000000000000000e+00
0.000000000000000000e+00
0.000000000000000000e+00
0.000000000000000000e+00
0.000000000000000000e+00
2.774203419685363770e-01
0.000000000000000000e+00
2.110368385910987854e-02
3.895547688007354736e-01
0.000000000000000000e+00
0.000000000000000000e+00
4.286656975746154785e-01
2.277972221374511719e+00
8.259912729263305664e-01
6.856248527765274048e-02
0.000000000000000000e+00
0.000000000000000000e+00
0.000000000000000000e+00
2.721900224685668945e+00
7.230125069618225098e-01
4.583605766296386719e+00
1.360303312540054321e-01
3.535377979278564453e+00
0.000000000000000000e+00
0.000000000000000000e+00
1.555438995361328125e+00
2.585399389266967773e+00
1.332108259201049805e+00
0.000000000000000000e+00
1.274970650672912598e+00
7.096390724182128906e+00
7.957087755203247070e-01
4.257644116878509521e-01
7.541593909263610840e-01
5.122774839401245117e-01
0.000000000000000000e+00
0.000000000000000000e+00
6.850275397300720215e-01
0.000000000000000000e+00
0.000000000000000000e+00
0.000000000000000000e+00
1.029460310935974121e+00
6.909147650003433228e-02
0.000000000000000000e+00
4.747936725616455078e+00
0.000000000000000000e+00
0.000000000000000000e+00
8.146905303001403809e-01
5.870931744575500488e-01
2.225032567977905273e+00
1.678343117237091064e-02
0.000000000000000000e+00
1.085425758361816406e+01
0.000000000000000000e+00
0.000000000000000000e+00
4.725618660449981689e-02
0.000000000000000000e+00
3.042290806770324707e-01
6.218111038208007812e+00
0.000000000000000000e+00
9.381130337715148926e-02
0.000000000000000000e+00
0.000000000000000000e+00
4.113534450531005859e+00
1.705162048339843750e+00
2.971418142318725586e+00
2.254715859889984131e-01
5.105456829071044922e+00
0.000000000000000000e+00
9.501209259033203125e-01
5.127908661961555481e-02
0.000000000000000000e+00
4.561879113316535950e-02
1.565089702606201172e+00
6.427687127143144608e-03
0.000000000000000000e+00
1.583428680896759033e-01
0.000000000000000000e+00
5.435168743133544922e-01
2.345357418060302734e+00
0.000000000000000000e+00
0.000000000000000000e+00
5.682375907897949219e+00
0.000000000000000000e+00
1.818241328001022339e-01
0.000000000000000000e+00
0.000000000000000000e+00
0.000000000000000000e+00
2.822228431701660156e+00
5.337034225463867188e+00
2.885195016860961914e+00
1.143947482109069824e+00
2.970176637172698975e-01
0.000000000000000000e+00
1.275909662246704102e+00
0.000000000000000000e+00
1.978482604026794434e+00
1.271419972181320190e-01
4.618862643837928772e-02
0.000000000000000000e+00
0.000000000000000000e+00
0.000000000000000000e+00
6.843301296234130859e+00
5.053136348724365234e-01
0.000000000000000000e+00
0.000000000000000000e+00
2.301487512886524200e-02
0.000000000000000000e+00
3.528343915939331055e+00
0.000000000000000000e+00
2.529331445693969727e+00
3.362586200237274170e-01
6.696726083755493164e-01
1.393946766853332520e+00
2.075046673417091370e-02
7.235031574964523315e-02
3.311814665794372559e-01
4.636489391326904297e+00
0.000000000000000000e+00
5.362189561128616333e-02
5.364824533462524414e-01
0.000000000000000000e+00
0.000000000000000000e+00
0.000000000000000000e+00
1.735051572322845459e-01
9.420043826103210449e-01
3.768898248672485352e-01
0.000000000000000000e+00
0.000000000000000000e+00
5.175921320915222168e-02
1.386076331138610840e+00
8.240817189216613770e-01
4.911386013031005859e+00
0.000000000000000000e+00
0.000000000000000000e+00
0.000000000000000000e+00
1.208612844347953796e-01
4.638956859707832336e-02
5.598248004913330078e+00
0.000000000000000000e+00
1.032663858495652676e-03
0.000000000000000000e+00
5.166532397270202637e-01
0.000000000000000000e+00
0.000000000000000000e+00
1.700752377510070801e-01
0.000000000000000000e+00
0.000000000000000000e+00
1.052599430084228516e+00
0.000000000000000000e+00
0.000000000000000000e+00
2.636614322662353516e+00
0.000000000000000000e+00
7.153483629226684570e-01
5.165587663650512695e-01
0.000000000000000000e+00
0.000000000000000000e+00
0.000000000000000000e+00
5.188197493553161621e-01
1.863908052444458008e+00
1.273325681686401367e+00
3.079213857650756836e+00
5.092576146125793457e-01
1.621224284172058105e-01
1.680076599121093750e+00
5.413607954978942871e-01
1.142162308096885681e-01
0.000000000000000000e+00
8.232459068298339844e+00
4.387184083461761475e-01
0.000000000000000000e+00
0.000000000000000000e+00
0.000000000000000000e+00
0.000000000000000000e+00
2.198597937822341919e-01
3.063775777816772461e+00
0.000000000000000000e+00
3.372206926345825195e+00
0.000000000000000000e+00
0.000000000000000000e+00
2.364988327026367188e+00
4.471410810947418213e-01
1.765228867530822754e+00
3.303500413894653320e-01
1.153361797332763672e-01
3.443342208862304688e+00
0.000000000000000000e+00
5.340255498886108398e-01
0.000000000000000000e+00
0.000000000000000000e+00
0.000000000000000000e+00
1.388069629669189453e+00
0.000000000000000000e+00
8.496212214231491089e-02
0.000000000000000000e+00
2.227374792098999023e+00
4.118679836392402649e-02
0.000000000000000000e+00
2.916867256164550781e+00
4.996445495635271072e-03
2.095367610454559326e-01
0.000000000000000000e+00
0.000000000000000000e+00
0.000000000000000000e+00
2.240513086318969727e+00
3.384751796722412109e+00
0.000000000000000000e+00
0.000000000000000000e+00
1.212688349187374115e-02
6.568432807922363281e+00
5.346790313720703125e+00
0.000000000000000000e+00
0.000000000000000000e+00
0.000000000000000000e+00
0.000000000000000000e+00
0.000000000000000000e+00
3.280103921890258789e+00
0.000000000000000000e+00
1.939494967460632324e+00
0.000000000000000000e+00
5.694038793444633484e-02
0.000000000000000000e+00
0.000000000000000000e+00
8.016003608703613281e+00
7.658614635467529297e+00
0.000000000000000000e+00
2.416318178176879883e+00
6.264200061559677124e-02
1.988549232482910156e-01
1.586481809616088867e+00
0.000000000000000000e+00
0.000000000000000000e+00
2.144456207752227783e-01
0.000000000000000000e+00
1.858775854110717773e+00
2.097934782505035400e-01
0.000000000000000000e+00
0.000000000000000000e+00
0.000000000000000000e+00
0.000000000000000000e+00
0.000000000000000000e+00
1.509973704814910889e-01
1.458342194557189941e+00
0.000000000000000000e+00
1.308563202619552612e-01
2.104730159044265747e-01
1.863968074321746826e-01
1.182867527008056641e+00
0.000000000000000000e+00
0.000000000000000000e+00
2.103469133377075195e+00
0.000000000000000000e+00
6.707754135131835938e+00
1.590747982263565063e-01
0.000000000000000000e+00
1.968240439891815186e-01
1.791321784257888794e-01
8.689562231302261353e-02
3.362710773944854736e-01
8.734445273876190186e-02
4.506920650601387024e-02
1.065599727630615234e+01
0.000000000000000000e+00
9.326413869857788086e-01
2.234577417373657227e+00
0.000000000000000000e+00
7.654958963394165039e-01
0.000000000000000000e+00
0.000000000000000000e+00
6.241327151656150818e-02
0.000000000000000000e+00
0.000000000000000000e+00
0.000000000000000000e+00
1.870158910751342773e+00
6.909183412790298462e-02
0.000000000000000000e+00
3.731268271803855896e-02
0.000000000000000000e+00
1.188217639923095703e+00
8.310496807098388672e-01
0.000000000000000000e+00
0.000000000000000000e+00
3.063063137233257294e-02
1.828449130058288574e+00
1.149801611900329590e+00
1.571005582809448242e-01
0.000000000000000000e+00
9.101824760437011719e+00
6.204163074493408203e+00
1.270092725753784180e+00
0.000000000000000000e+00
1.290350317955017090e+00
7.857244014739990234e+00
2.175930261611938477e+00
0.000000000000000000e+00
5.718743205070495605e-01
0.000000000000000000e+00
1.145093345642089844e+01
0.000000000000000000e+00
0.000000000000000000e+00
0.000000000000000000e+00
2.142042070627212524e-01
7.214675545692443848e-01
1.619943976402282715e+00
2.743582241237163544e-02
0.000000000000000000e+00
0.000000000000000000e+00
3.208019495010375977e+00
0.000000000000000000e+00
0.000000000000000000e+00
0.000000000000000000e+00
4.999991357326507568e-01
0.000000000000000000e+00
4.391693323850631714e-02
0.000000000000000000e+00
0.000000000000000000e+00
2.458776712417602539e+00
0.000000000000000000e+00
1.385803341865539551e+00
0.000000000000000000e+00
1.190913295745849609e+01
6.138989925384521484e+00
3.574385166168212891e+00
0.000000000000000000e+00
0.000000000000000000e+00
4.060672968626022339e-02
8.683514595031738281e-01
2.968426346778869629e-01
7.093841433525085449e-01
0.000000000000000000e+00
0.000000000000000000e+00
0.000000000000000000e+00
0.000000000000000000e+00
1.639827638864517212e-01
3.713712394237518311e-01
0.000000000000000000e+00
0.000000000000000000e+00
0.000000000000000000e+00
0.000000000000000000e+00
1.315499067306518555e+00
0.000000000000000000e+00
2.447870969772338867e-01
1.436592489480972290e-01
0.000000000000000000e+00
6.985319256782531738e-01
9.803355485200881958e-02
0.000000000000000000e+00
0.000000000000000000e+00
9.421432614326477051e-01
0.000000000000000000e+00
0.000000000000000000e+00
0.000000000000000000e+00
0.000000000000000000e+00
2.591763623058795929e-02
1.250950694084167480e-01
1.233978080749511719e+01
4.030148506164550781e+00
0.000000000000000000e+00
9.388139098882675171e-02
0.000000000000000000e+00
0.000000000000000000e+00
0.000000000000000000e+00
6.885752201080322266e+00
0.000000000000000000e+00
3.470852613449096680e+00
1.025115585327148438e+01
3.561455488204956055e+00
0.000000000000000000e+00
1.107905268669128418e+00
5.205014705657958984e+00
0.000000000000000000e+00
0.000000000000000000e+00
0.000000000000000000e+00
1.682000011205673218e-01
1.723874509334564209e-01
0.000000000000000000e+00
0.000000000000000000e+00
9.063383102416992188e+00
1.743794977664947510e-01
2.872130870819091797e+00
0.000000000000000000e+00
5.309723690152168274e-02
0.000000000000000000e+00
2.591870069503784180e+00
1.768463850021362305e+00
0.000000000000000000e+00
5.194637179374694824e-01
6.039441749453544617e-02
0.000000000000000000e+00
3.867430210113525391e+00
2.328861951828002930e+00
0.000000000000000000e+00
1.372995134443044662e-02
7.104037284851074219e+00
1.364314436912536621e+00
5.494247078895568848e-01
1.332820773124694824e+00
0.000000000000000000e+00
0.000000000000000000e+00
2.576152607798576355e-02
0.000000000000000000e+00
1.002634525299072266e+00
5.789976119995117188e+00
3.533633708953857422e+00
1.002547383308410645e+00
3.431932032108306885e-01
0.000000000000000000e+00
0.000000000000000000e+00
0.000000000000000000e+00
0.000000000000000000e+00
2.522931247949600220e-02
2.312164306640625000e-01
1.016910433769226074e+00
0.000000000000000000e+00
1.485861022956669331e-03
0.000000000000000000e+00
0.000000000000000000e+00
1.963605582714080811e-01
0.000000000000000000e+00
6.143879145383834839e-02
0.000000000000000000e+00
0.000000000000000000e+00
0.000000000000000000e+00
4.803355783224105835e-03
0.000000000000000000e+00
1.575918793678283691e-01
7.138372659683227539e-01
0.000000000000000000e+00
0.000000000000000000e+00
0.000000000000000000e+00
7.331490516662597656e-02
4.590482234954833984e+00
0.000000000000000000e+00
8.625156283378601074e-01
1.452740281820297241e-01
3.801187574863433838e-01
0.000000000000000000e+00
0.000000000000000000e+00
0.000000000000000000e+00
0.000000000000000000e+00
0.000000000000000000e+00
0.000000000000000000e+00
0.000000000000000000e+00
0.000000000000000000e+00
1.922682762145996094e+00
8.830957859754562378e-02
2.700619995594024658e-01
0.000000000000000000e+00
1.903462707996368408e-01
0.000000000000000000e+00
4.494462907314300537e-01
7.429508119821548462e-02
1.250076442956924438e-01
0.000000000000000000e+00
1.343735814094543457e+00
0.000000000000000000e+00
2.336624145507812500e+00
6.013460755348205566e-01
0.000000000000000000e+00
0.000000000000000000e+00
0.000000000000000000e+00
0.000000000000000000e+00
0.000000000000000000e+00
0.000000000000000000e+00
0.000000000000000000e+00
3.598837926983833313e-02
5.007819533348083496e-01
7.565685361623764038e-02
0.000000000000000000e+00
6.133682560175657272e-03
1.069385558366775513e-01
2.714205026626586914e+00
3.651728630065917969e-01
7.394642829895019531e-01
3.343369483947753906e+00
0.000000000000000000e+00
0.000000000000000000e+00
0.000000000000000000e+00
8.461981773376464844e+00
0.000000000000000000e+00
0.000000000000000000e+00
0.000000000000000000e+00
1.121502518653869629e+00
0.000000000000000000e+00
2.333481550216674805e+00
0.000000000000000000e+00
2.348492431640625000e+01
1.400995403528213501e-01
4.241104423999786377e-01
0.000000000000000000e+00
0.000000000000000000e+00
6.728493571281433105e-01
0.000000000000000000e+00
4.664367139339447021e-01
8.309674859046936035e-01
0.000000000000000000e+00
0.000000000000000000e+00
0.000000000000000000e+00
0.000000000000000000e+00
0.000000000000000000e+00
9.112259745597839355e-01
0.000000000000000000e+00
3.877480626106262207e-01
2.586559057235717773e-01
1.634443879127502441e+00
0.000000000000000000e+00
4.286475658416748047e+00
2.157505607604980469e+01
0.000000000000000000e+00
2.786256790161132812e+00
2.033909559249877930e+00
0.000000000000000000e+00
0.000000000000000000e+00
0.000000000000000000e+00
0.000000000000000000e+00
6.326955556869506836e-02
9.327085316181182861e-02
0.000000000000000000e+00
6.998825818300247192e-02
4.181242883205413818e-01
1.948587596416473389e-01
0.000000000000000000e+00
6.047918274998664856e-02
1.926723241806030273e+00
2.387456512451171875e+01
2.011010646820068359e-01
0.000000000000000000e+00
0.000000000000000000e+00
0.000000000000000000e+00
3.508811118081212044e-03
0.000000000000000000e+00
2.299739271402359009e-01
2.393118619918823242e+00
8.566285371780395508e-01
0.000000000000000000e+00
0.000000000000000000e+00
2.700979471206665039e+00
0.000000000000000000e+00
1.790912002325057983e-01
0.000000000000000000e+00
4.144039750099182129e-02
0.000000000000000000e+00
2.875293493270874023e-01
0.000000000000000000e+00
0.000000000000000000e+00
0.000000000000000000e+00
1.549076437950134277e+00
5.074991285800933838e-02
6.817190647125244141e+00
5.358488559722900391e+00
1.407043933868408203e+00
1.019246578216552734e+00
8.879299163818359375e-01
6.974787235260009766e+00
0.000000000000000000e+00
1.873607933521270752e-01
1.046008095145225525e-01
5.395127534866333008e-01
2.031292617321014404e-01
0.000000000000000000e+00
0.000000000000000000e+00
7.537375926971435547e+00
1.046200916171073914e-01
4.775906562805175781e+00
1.001440429687500000e+01
2.867522048950195312e+01
0.000000000000000000e+00
0.000000000000000000e+00
3.050549030303955078e-01
1.193774223327636719e+00
0.000000000000000000e+00
7.020091172307729721e-03
0.000000000000000000e+00
2.971946239471435547e+00
3.973077237606048584e-01
3.286402225494384766e-01
1.058269012719392776e-02
1.359328441321849823e-02
0.000000000000000000e+00
1.284263372421264648e+00
8.057426452636718750e+00
0.000000000000000000e+00
0.000000000000000000e+00
1.391539126634597778e-01
9.975092411041259766e-01
8.085717201232910156e+00
1.300159454345703125e+00
4.130825102329254150e-01
6.452128887176513672e+00
0.000000000000000000e+00
0.000000000000000000e+00
2.367613278329372406e-02
1.303589463233947754e+00
1.724203228950500488e+00
9.402247667312622070e-01
7.626838982105255127e-02
0.000000000000000000e+00
0.000000000000000000e+00
0.000000000000000000e+00
2.428170740604400635e-01
9.816796183586120605e-01
0.000000000000000000e+00
1.300697401165962219e-02
1.986072063446044922e-01
0.000000000000000000e+00
0.000000000000000000e+00
6.150405406951904297e-01
0.000000000000000000e+00
6.909287929534912109e+00
0.000000000000000000e+00
1.093297100067138672e+01
1.054274177551269531e+01
6.016474217176437378e-02
4.006536900997161865e-01
0.000000000000000000e+00
5.066149711608886719e+00
0.000000000000000000e+00
1.374707818031311035e+00
1.146085262298583984e-01
0.000000000000000000e+00
1.319936275482177734e+01
9.555586576461791992e-01
0.000000000000000000e+00
9.548956155776977539e-02
3.361561298370361328e-01
6.189997196197509766e+00
0.000000000000000000e+00
2.662637233734130859e+00
0.000000000000000000e+00
2.113174833357334137e-02
0.000000000000000000e+00
2.601375818252563477e+00
0.000000000000000000e+00
6.969737410545349121e-01
6.642234802246093750e+00
4.403711855411529541e-02
0.000000000000000000e+00
1.043994140625000000e+01
3.038897991180419922e+00
8.765404671430587769e-02
5.758393287658691406e+00
0.000000000000000000e+00
2.801835536956787109e-01
0.000000000000000000e+00
0.000000000000000000e+00
0.000000000000000000e+00
3.281980380415916443e-02
7.749698706902563572e-04
0.000000000000000000e+00
9.516750574111938477e-01
7.344214916229248047e-01
0.000000000000000000e+00
2.230515480041503906e+00
0.000000000000000000e+00
0.000000000000000000e+00
2.991774559020996094e+00
8.576263189315795898e-01
0.000000000000000000e+00
3.270581737160682678e-02
0.000000000000000000e+00
0.000000000000000000e+00
4.978894889354705811e-01
7.694150507450103760e-02
3.708656430244445801e-01
8.803540468215942383e-01
3.934652209281921387e-01
0.000000000000000000e+00
0.000000000000000000e+00
2.040516614913940430e+00
0.000000000000000000e+00
0.000000000000000000e+00
0.000000000000000000e+00
0.000000000000000000e+00
0.000000000000000000e+00
0.000000000000000000e+00
0.000000000000000000e+00
7.534345388412475586e-01
0.000000000000000000e+00
1.282497048377990723e+00
6.184809207916259766e+00
1.184390708804130554e-01
1.930468901991844177e-02
4.310450553894042969e-01
0.000000000000000000e+00
0.000000000000000000e+00
0.000000000000000000e+00
0.000000000000000000e+00
1.623092591762542725e-01
1.799450278282165527e+00
0.000000000000000000e+00
0.000000000000000000e+00
1.368892073631286621e+00
1.138099208474159241e-01
2.501691579818725586e+00
0.000000000000000000e+00
2.913723707199096680e+00
4.362005293369293213e-01
5.002029612660408020e-02
1.555797815322875977e+00
1.576579809188842773e+00
1.046312041580677032e-02
0.000000000000000000e+00
0.000000000000000000e+00
9.927637577056884766e-01
7.952478408813476562e+00
0.000000000000000000e+00
0.000000000000000000e+00
7.047394514083862305e-01
2.814759492874145508e+00
1.941347494721412659e-02
7.863880157470703125e+00
0.000000000000000000e+00
4.443351924419403076e-02
9.907051920890808105e-02
0.000000000000000000e+00
3.899455070495605469e+00
3.954209685325622559e-01
0.000000000000000000e+00
1.188037753105163574e+00
6.404828548431396484e+00
0.000000000000000000e+00
1.797032058238983154e-01
0.000000000000000000e+00
0.000000000000000000e+00
3.337320312857627869e-02
0.000000000000000000e+00
5.567959547042846680e-01
3.361682593822479248e-02
0.000000000000000000e+00
6.622782945632934570e-01
0.000000000000000000e+00
2.359118461608886719e-01
0.000000000000000000e+00
1.547197937965393066e+00
0.000000000000000000e+00
0.000000000000000000e+00
0.000000000000000000e+00
6.471342444419860840e-01
0.000000000000000000e+00
4.663059487938880920e-02
3.076504170894622803e-02
0.000000000000000000e+00
5.735074281692504883e-01
1.247618079185485840e+00
1.519568115472793579e-01
4.058043360710144043e-01
8.378127962350845337e-02
4.967875480651855469e-01
0.000000000000000000e+00
0.000000000000000000e+00
1.359026718139648438e+01
0.000000000000000000e+00
0.000000000000000000e+00
0.000000000000000000e+00
2.067638158798217773e+00
0.000000000000000000e+00
6.033075973391532898e-02
7.051613926887512207e-02
0.000000000000000000e+00
0.000000000000000000e+00
0.000000000000000000e+00
4.968193471431732178e-01
2.990729331970214844e+00
0.000000000000000000e+00
1.341544628143310547e+00
0.000000000000000000e+00
0.000000000000000000e+00
0.000000000000000000e+00
1.708654522895812988e+00
0.000000000000000000e+00
2.520956516265869141e+00
0.000000000000000000e+00
5.328045845031738281e+00
2.356063604354858398e+00
3.347385227680206299e-01
1.103999853134155273e+00
0.000000000000000000e+00
1.919894027709960938e+01
3.339368402957916260e-01
0.000000000000000000e+00
1.078738924115896225e-02
2.605477333068847656e+00
1.129899024963378906e+00
0.000000000000000000e+00
0.000000000000000000e+00
0.000000000000000000e+00
4.439003393054008484e-02
0.000000000000000000e+00
2.505976200103759766e+00
0.000000000000000000e+00
1.284742832183837891e+00
3.268599987030029297e+00
9.949420392513275146e-02
1.308953762054443359e+00
0.000000000000000000e+00
7.750633716583251953e+00
4.756852626800537109e+00
0.000000000000000000e+00
5.288680195808410645e-01
2.203492736816406250e+01
7.020092010498046875e-01
1.643080902099609375e+01
0.000000000000000000e+00
0.000000000000000000e+00
0.000000000000000000e+00
6.233222007751464844e+00
0.000000000000000000e+00
1.177873969078063965e+00
3.740856349468231201e-01
0.000000000000000000e+00
6.370403766632080078e-01
4.632975101470947266e+00
6.392938137054443359e+00
0.000000000000000000e+00
0.000000000000000000e+00
0.000000000000000000e+00
0.000000000000000000e+00
0.000000000000000000e+00
0.000000000000000000e+00
0.000000000000000000e+00
2.935096621513366699e-02
0.000000000000000000e+00
2.437718152999877930e+00
1.781862974166870117e+00
0.000000000000000000e+00
2.102108716964721680e+00
5.967627763748168945e-01
4.551486372947692871e-01
1.450984120368957520e+00
0.000000000000000000e+00
0.000000000000000000e+00
0.000000000000000000e+00
9.403109550476074219e-02
2.487557888031005859e+00
6.018313765525817871e-01
4.168364107608795166e-01
6.628459095954895020e-01
4.787101745605468750e+00
0.000000000000000000e+00
2.369630575180053711e+00
3.818184882402420044e-02
4.276180744171142578e+00
2.890098989009857178e-01
1.222899481654167175e-01
1.325781047344207764e-01
3.766252994537353516e-01
1.797360740602016449e-02
3.883859887719154358e-02
0.000000000000000000e+00
0.000000000000000000e+00
0.000000000000000000e+00
3.379901409149169922e+00
1.922778367996215820e+00
0.000000000000000000e+00
0.000000000000000000e+00
2.150495797395706177e-01
0.000000000000000000e+00
0.000000000000000000e+00
0.000000000000000000e+00
1.150540709495544434e+00
0.000000000000000000e+00
2.699243426322937012e-01
0.000000000000000000e+00
7.053697109222412109e-02
0.000000000000000000e+00
0.000000000000000000e+00
6.502920389175415039e-01
1.218240380287170410e+00
1.905789494514465332e+00
0.000000000000000000e+00
0.000000000000000000e+00
7.504871845245361328e+00
1.439044475555419922e+00
0.000000000000000000e+00
0.000000000000000000e+00
0.000000000000000000e+00
0.000000000000000000e+00
9.389742463827133179e-02
0.000000000000000000e+00
4.059908866882324219e+00
2.404660463333129883e+00
0.000000000000000000e+00
0.000000000000000000e+00
0.000000000000000000e+00
0.000000000000000000e+00
0.000000000000000000e+00
1.048676252365112305e+00
0.000000000000000000e+00
0.000000000000000000e+00
4.813722148537635803e-02
2.720702409744262695e+00
1.472712278366088867e+00
6.086585298180580139e-02
0.000000000000000000e+00
0.000000000000000000e+00
6.379514932632446289e-01
6.252888679504394531e+00
3.191534280776977539e+00
0.000000000000000000e+00
0.000000000000000000e+00
0.000000000000000000e+00
0.000000000000000000e+00
5.936732292175292969e-01
0.000000000000000000e+00
9.329757690429687500e-01
2.057697251439094543e-02
1.485408395528793335e-01
6.490795016288757324e-01
0.000000000000000000e+00
1.379754662513732910e+00
0.000000000000000000e+00
1.274921417236328125e+01
0.000000000000000000e+00
2.989946007728576660e-01
0.000000000000000000e+00
1.191119313240051270e+00
0.000000000000000000e+00
5.821773782372474670e-02
7.989529609680175781e+00
0.000000000000000000e+00
4.527040004730224609e+00
4.347897768020629883e-01
4.560738205909729004e-01
2.050012350082397461e-02
1.203036189079284668e+00
7.499108314514160156e-01
5.868093967437744141e-01
2.773830890655517578e-01
2.249019145965576172e+00
0.000000000000000000e+00
0.000000000000000000e+00
7.415347695350646973e-01
1.823783993721008301e+00
0.000000000000000000e+00
1.448354125022888184e-01
5.418066501617431641e+00
4.054244607686996460e-02
2.025759696960449219e+00
2.083688735961914062e+00
0.000000000000000000e+00
9.299054741859436035e-01
2.630857825279235840e-01
1.295830130577087402e+00
1.094982981681823730e+00
0.000000000000000000e+00
1.139479255676269531e+01
0.000000000000000000e+00
1.653003215789794922e+00
1.148759871721267700e-01
0.000000000000000000e+00
1.608649373054504395e+00
0.000000000000000000e+00
0.000000000000000000e+00
4.025006771087646484e+00
1.724672555923461914e+00
0.000000000000000000e+00
1.747307479381561279e-01
1.328021287918090820e-01
2.490241527557373047e-01
0.000000000000000000e+00
0.000000000000000000e+00
0.000000000000000000e+00
0.000000000000000000e+00
0.000000000000000000e+00
2.906146526336669922e+00
3.909830152988433838e-01
0.000000000000000000e+00
1.012519478797912598e+00
0.000000000000000000e+00
0.000000000000000000e+00
5.291792869567871094e+00
0.000000000000000000e+00
1.142053961753845215e+00
1.159547805786132812e+00
6.420637667179107666e-02
0.000000000000000000e+00
0.000000000000000000e+00
3.092273235321044922e+00
3.696104049682617188e+00
0.000000000000000000e+00
3.847014427185058594e+00
2.294269502162933350e-01
0.000000000000000000e+00
1.669019103050231934e+00
0.000000000000000000e+00
0.000000000000000000e+00
5.143141150474548340e-01
8.913900852203369141e-01
1.491135358810424805e+00
0.000000000000000000e+00
1.557748436927795410e+00
1.410655140876770020e+00
0.000000000000000000e+00
8.017249703407287598e-01
3.620932400226593018e-01
0.000000000000000000e+00
4.965915977954864502e-01
0.000000000000000000e+00
0.000000000000000000e+00
0.000000000000000000e+00
0.000000000000000000e+00
4.090375304222106934e-01
4.922341108322143555e-01
8.803343772888183594e-02
0.000000000000000000e+00
0.000000000000000000e+00
2.275568619370460510e-02
2.829028367996215820e+00
8.957017958164215088e-02
1.849994622170925140e-02
0.000000000000000000e+00
0.000000000000000000e+00
8.381819725036621094e-02
3.443633019924163818e-01
0.000000000000000000e+00
0.000000000000000000e+00
9.094635248184204102e-01
2.139611959457397461e+00
2.852875292301177979e-01
8.754247426986694336e-01
0.000000000000000000e+00
0.000000000000000000e+00
0.000000000000000000e+00
5.979671001434326172e+00
2.292104363441467285e-01
0.000000000000000000e+00
2.771660566329956055e+00
2.248946189880371094e+00
5.729988813400268555e-01
1.791421920061111450e-01
0.000000000000000000e+00
2.831265032291412354e-01
2.174141556024551392e-01
1.460407823324203491e-01
0.000000000000000000e+00
1.947071433067321777e+00
5.663797259330749512e-01
0.000000000000000000e+00
1.447695851325988770e+00
9.824781417846679688e-01
0.000000000000000000e+00
0.000000000000000000e+00
3.935179948806762695e+00
2.738032639026641846e-01
1.057680249214172363e+00
2.734906375408172607e-01
5.047664418816566467e-02
8.560995459556579590e-01
0.000000000000000000e+00
0.000000000000000000e+00
3.776548624038696289e+00
0.000000000000000000e+00
7.055008888244628906e+00
0.000000000000000000e+00
1.235847353935241699e+00
1.887933135032653809e+00
1.452112197875976562e-02
9.046476334333419800e-03
3.254523277282714844e+00
0.000000000000000000e+00
1.838414072990417480e+00
1.601641297340393066e+00
0.000000000000000000e+00
0.000000000000000000e+00
2.914417505264282227e+00
1.016459846496582031e+01
3.935264110565185547e+00
0.000000000000000000e+00
0.000000000000000000e+00
0.000000000000000000e+00
0.000000000000000000e+00
6.291137337684631348e-01
0.000000000000000000e+00
5.232759118080139160e-01
0.000000000000000000e+00
1.534987473860383034e-03
0.000000000000000000e+00
2.071297645568847656e+00
6.420980691909790039e-01
0.000000000000000000e+00
0.000000000000000000e+00
4.508996382355690002e-02
0.000000000000000000e+00
0.000000000000000000e+00
0.000000000000000000e+00
3.319777548313140869e-02
5.281404852867126465e-01
0.000000000000000000e+00
1.357238888740539551e+00
2.438631653785705566e-01
2.685992717742919922e+00
0.000000000000000000e+00
2.144287586212158203e+00
3.089064955711364746e-01
7.311373949050903320e-01
0.000000000000000000e+00
2.124538183212280273e+00
3.889424800872802734e-01
1.710029602050781250e+01
0.000000000000000000e+00
4.560035228729248047e+00
1.941408395767211914e+00
1.385273456573486328e+00
0.000000000000000000e+00
1.207009029388427734e+01
4.242725849151611328e+00
3.118036985397338867e-01
0.000000000000000000e+00
0.000000000000000000e+00
0.000000000000000000e+00
0.000000000000000000e+00
0.000000000000000000e+00
0.000000000000000000e+00
7.069377899169921875e-01
1.806082963943481445e+00
8.662977218627929688e-01
8.133512735366821289e-01
2.294822692871093750e+00
1.774277329444885254e+00
1.107573509216308594e-03
2.943018376827239990e-01
1.593928456306457520e+00
3.691697597503662109e+00
4.327300548553466797e+00
1.374835073947906494e-01
0.000000000000000000e+00
1.987331748008728027e+00
1.269592523574829102e+00
1.173753738403320312e+00
0.000000000000000000e+00
5.477304935455322266e+00
0.000000000000000000e+00
0.000000000000000000e+00
0.000000000000000000e+00
0.000000000000000000e+00
2.169142484664916992e+00
1.154352650046348572e-01
1.206492424011230469e+00
6.071552634239196777e-03
1.988799124956130981e-01
0.000000000000000000e+00
0.000000000000000000e+00
0.000000000000000000e+00
7.402073591947555542e-02
2.483185082674026489e-01
5.850037559866905212e-02
1.172348037362098694e-01
0.000000000000000000e+00
0.000000000000000000e+00
5.899399984627962112e-03
1.270778298377990723e+00
1.593728661537170410e-01
3.416749536991119385e-01
0.000000000000000000e+00
2.785633206367492676e-01
4.223104193806648254e-02
0.000000000000000000e+00
0.000000000000000000e+00
1.107977509498596191e+00
1.086345434188842773e+00
0.000000000000000000e+00
1.020588278770446777e+00
8.079974174499511719e+00
4.073167219758033752e-02
8.805966377258300781e+00
6.779417514801025391e+00
0.000000000000000000e+00
0.000000000000000000e+00
6.777333736419677734e+00
1.750296205282211304e-01
1.258502304553985596e-01
0.000000000000000000e+00
8.195118047297000885e-03
1.658617258071899414e+00
1.675648212432861328e+00
6.339530646800994873e-02
9.526638984680175781e-01
3.400281667709350586e-01
3.995512485504150391e+00
6.619839668273925781e-01
6.683830261230468750e+00
0.000000000000000000e+00
3.725172579288482666e-01
0.000000000000000000e+00
0.000000000000000000e+00
6.649106025695800781e+00
4.440801620483398438e+00
1.133868247270584106e-01
3.502678498625755310e-02
0.000000000000000000e+00
0.000000000000000000e+00
0.000000000000000000e+00
2.157421112060546875e+01
2.146558165550231934e-01
1.607897949218750000e+01
0.000000000000000000e+00
1.521563995629549026e-02
6.344005465507507324e-01
0.000000000000000000e+00
4.447761923074722290e-03
0.000000000000000000e+00
8.386137962341308594e+00
2.496265602111816406e+01
0.000000000000000000e+00
2.366697043180465698e-01
4.375629723072052002e-01
4.441499114036560059e-01
6.330785751342773438e-01
2.074802219867706299e-01
1.955156177282333374e-01
