-2.698125839233398438e-01
4.998823404312133789e-01
0.000000000000000000e+00
2.350409507751464844e+00
-1.810785233974456787e-01
0.000000000000000000e+00
1.373000979423522949e+00
9.402122497558593750e-01
0.000000000000000000e+00
0.000000000000000000e+00
-5.863901972770690918e-02
0.000000000000000000e+00
0.000000000000000000e+00
-8.900120854377746582e-03
-6.411045193672180176e-01
4.556324798613786697e-03
0.000000000000000000e+00
0.000000000000000000e+00
1.008849591016769409e-01
0.000000000000000000e+00
5.191642045974731445e-02
0.000000000000000000e+00
0.000000000000000000e+00
0.000000000000000000e+00
0.000000000000000000e+00
0.000000000000000000e+00
9.276227951049804688e-01
5.125785246491432190e-02
-1.319596767425537109e-01
0.000000000000000000e+00
4.107720851898193359e-01
5.207130312919616699e-02
-6.073145866394042969e-01
2.797728776931762695e-02
-1.075778007507324219e-01
0.000000000000000000e+00
4.635808467864990234e-01
-1.704514473676681519e-01
9.931409358978271484e-01
2.211672663688659668e-01
-3.800863027572631836e-01
1.577951908111572266e-01
2.032364904880523682e-01
2.465654611587524414e-01
0.000000000000000000e+00
4.408359527587890625e-01
2.305268049240112305e-01
-8.569717407226562500e-03
1.590761728584766388e-02
-1.681847497820854187e-02
0.000000000000000000e+00
0.000000000000000000e+00
4.633106291294097900e-03
2.115754969418048859e-02
0.000000000000000000e+00
0.000000000000000000e+00
1.441857218742370605e-02
0.000000000000000000e+00
8.876174688339233398e-02
2.809249162673950195e-01
-1.857841312885284424e-01
2.288856804370880127e-01
5.940418243408203125e-01
-2.852606773376464844e-01
0.000000000000000000e+00
7.669448852539062500e-02
0.000000000000000000e+00
0.000000000000000000e+00
0.000000000000000000e+00
-4.231080785393714905e-02
6.233823299407958984e-02
-4.488021850585937500e+00
-5.287913605570793152e-02
-4.115276336669921875e-01
4.784740209579467773e-01
0.000000000000000000e+00
5.676774978637695312e-01
0.000000000000000000e+00
0.000000000000000000e+00
0.000000000000000000e+00
1.112699508666992188e-01
2.322318404912948608e-02
0.000000000000000000e+00
0.000000000000000000e+00
0.000000000000000000e+00
3.075079321861267090e-01
1.766178607940673828e-01
3.201409876346588135e-01
0.000000000000000000e+00
2.424980401992797852e-01
7.352758198976516724e-02
-6.693276762962341309e-02
-1.137534379959106445e-01
0.000000000000000000e+00
1.180240869522094727e+00
0.000000000000000000e+00
-7.926316261291503906e-01
-3.248327016830444336e+00
-6.556901931762695312e-01
0.000000000000000000e+00
-2.771040201187133789e-01
-1.250390857458114624e-01
0.000000000000000000e+00
0.000000000000000000e+00
-7.786675542593002319e-02
2.132577076554298401e-02
5.690281391143798828e-01
0.000000000000000000e+00
2.241894043982028961e-02
2.695460796356201172e+00
0.000000000000000000e+00
-8.162641525268554688e-02
-1.066511869430541992e-01
-4.721520096063613892e-02
0.000000000000000000e+00
0.000000000000000000e+00
-4.224660396575927734e-01
6.406597048044204712e-02
0.000000000000000000e+00
7.569980621337890625e-02
0.000000000000000000e+00
0.000000000000000000e+00
-1.603737175464630127e-01
3.753107190132141113e-01
2.124133110046386719e-01
0.000000000000000000e+00
0.000000000000000000e+00
3.274676799774169922e-01
0.000000000000000000e+00
2.710658550262451172e+00
0.000000000000000000e+00
8.003985881805419922e-02
1.254515647888183594e-01
0.000000000000000000e+00
7.045220118016004562e-03
0.000000000000000000e+00
-1.137840077280998230e-01
3.457753360271453857e-01
-3.123573660850524902e-01
0.000000000000000000e+00
-3.472140757367014885e-03
0.000000000000000000e+00
0.000000000000000000e+00
0.000000000000000000e+00
0.000000000000000000e+00
-7.033149898052215576e-02
-4.098164290189743042e-02
3.131377696990966797e-01
-2.524170875549316406e-01
-1.487767547369003296e-01
2.157402634620666504e-01
1.095718383789062500e+00
1.124141693115234375e+00
-1.330783963203430176e-02
1.130981445312500000e-01
1.955004632472991943e-01
6.061512976884841919e-02
0.000000000000000000e+00
2.305977419018745422e-02
0.000000000000000000e+00
-7.357828319072723389e-02
-6.559035181999206543e-02
2.245945930480957031e-01
-5.029690265655517578e-01
0.000000000000000000e+00
2.038564682006835938e-01
1.094877719879150391e-03
0.000000000000000000e+00
2.304832458496093750e+00
6.597917079925537109e-01
2.446708828210830688e-02
0.000000000000000000e+00
0.000000000000000000e+00
0.000000000000000000e+00
0.000000000000000000e+00
0.000000000000000000e+00
6.974428892135620117e-03
1.730489134788513184e-01
-1.146170854568481445e+00
-4.101216793060302734e-02
1.122042536735534668e-01
1.153975486755371094e+00
1.027832105755805969e-01
0.000000000000000000e+00
-6.203937530517578125e-02
0.000000000000000000e+00
-6.989958882331848145e-02
6.534582376480102539e-01
1.522434949874877930e-01
0.000000000000000000e+00
0.000000000000000000e+00
0.000000000000000000e+00
-1.280720233917236328e-01
-2.032933384180068970e-02
-6.426949501037597656e-01
-2.659112513065338135e-01
6.709229946136474609e-02
0.000000000000000000e+00
0.000000000000000000e+00
-4.385271072387695312e-01
2.284858189523220062e-02
0.000000000000000000e+00
6.245073303580284119e-02
3.860088065266609192e-02
0.000000000000000000e+00
0.000000000000000000e+00
-5.710699036717414856e-02
0.000000000000000000e+00
0.000000000000000000e+00
4.115546122193336487e-02
1.229481305927038193e-02
-1.587309122085571289e+00
-8.645584583282470703e-01
1.134263992309570312e+00
-3.038239479064941406e-02
0.000000000000000000e+00
0.000000000000000000e+00
-1.203857287764549255e-01
0.000000000000000000e+00
1.987854838371276855e-01
6.321191787719726562e-02
0.000000000000000000e+00
-2.318241596221923828e-01
1.728643476963043213e-02
2.137956917285919189e-01
0.000000000000000000e+00
-1.875388622283935547e-02
8.452617526054382324e-01
0.000000000000000000e+00
6.115578114986419678e-02
0.000000000000000000e+00
0.000000000000000000e+00
4.824728965759277344e-01
-6.622962951660156250e-01
2.471938133239746094e-01
0.000000000000000000e+00
5.162182450294494629e-01
0.000000000000000000e+00
0.000000000000000000e+00
-1.559977531433105469e-01
0.000000000000000000e+00
1.032713055610656738e-01
-8.324205875396728516e-01
-2.254028320312500000e-01
0.000000000000000000e+00
1.792025566101074219e-01
7.321513295173645020e-01
7.720310688018798828e-01
0.000000000000000000e+00
4.232183098793029785e-02
0.000000000000000000e+00
-2.051504611968994141e+00
-1.683596014976501465e+00
0.000000000000000000e+00
0.000000000000000000e+00
0.000000000000000000e+00
-6.518282890319824219e-01
-1.208024024963378906e-01
0.000000000000000000e+00
-6.546672582626342773e-01
0.000000000000000000e+00
-6.838130950927734375e-02
0.000000000000000000e+00
-6.045738697052001953e+00
-1.293447464704513550e-01
0.000000000000000000e+00
-1.592336654663085938e+00
-4.999420642852783203e-01
0.000000000000000000e+00
7.607460021972656250e-03
2.130797207355499268e-01
6.287169456481933594e-02
4.065870493650436401e-02
-1.330700963735580444e-01
-6.524385213851928711e-01
-1.830133944749832153e-01
0.000000000000000000e+00
-2.883046865463256836e-02
0.000000000000000000e+00
3.946796059608459473e-03
-1.534077600808814168e-04
3.884789943695068359e-01
0.000000000000000000e+00
-1.950244903564453125e+00
0.000000000000000000e+00
8.010244369506835938e-02
0.000000000000000000e+00
0.000000000000000000e+00
1.180166304111480713e-01
3.670382797718048096e-01
0.000000000000000000e+00
0.000000000000000000e+00
4.380518198013305664e-02
-6.603413820266723633e-01
0.000000000000000000e+00
4.426801204681396484e-02
0.000000000000000000e+00
0.000000000000000000e+00
0.000000000000000000e+00
0.000000000000000000e+00
-3.114598989486694336e-01
0.000000000000000000e+00
2.859871387481689453e-01
1.198545455932617188e+00
0.000000000000000000e+00
0.000000000000000000e+00
3.066449165344238281e-01
0.000000000000000000e+00
6.675558090209960938e-01
1.259839534759521484e-02
-9.772981703281402588e-02
0.000000000000000000e+00
4.643589258193969727e-01
0.000000000000000000e+00
2.278938442468643188e-01
0.000000000000000000e+00
-9.447815418243408203e-01
0.000000000000000000e+00
-4.318011552095413208e-02
6.266403198242187500e-01
0.000000000000000000e+00
-1.758083701133728027e-01
-1.105339378118515015e-01
0.000000000000000000e+00
0.000000000000000000e+00
-9.944403171539306641e-02
-1.155695319175720215e-01
-4.929368495941162109e-01
0.000000000000000000e+00
0.000000000000000000e+00
-3.777027875185012817e-02
1.843908801674842834e-02
0.000000000000000000e+00
0.000000000000000000e+00
0.000000000000000000e+00
7.997429370880126953e-02
-7.252718508243560791e-02
8.449892513453960419e-03
5.230500698089599609e-01
3.016974925994873047e-01
2.392830848693847656e-01
0.000000000000000000e+00
2.345981597900390625e-01
2.976790070533752441e-03
0.000000000000000000e+00
-1.376315802335739136e-01
0.000000000000000000e+00
7.189382612705230713e-02
-1.084018945693969727e-01
-2.434666156768798828e-01
1.325460672378540039e-01
0.000000000000000000e+00
-5.679780617356300354e-02
4.314284324645996094e-01
5.543260835111141205e-03
-2.698872089385986328e-01
0.000000000000000000e+00
0.000000000000000000e+00
0.000000000000000000e+00
3.577327728271484375e-01
-2.420688271522521973e-01
0.000000000000000000e+00
1.669385433197021484e-01
0.000000000000000000e+00
0.000000000000000000e+00
-1.257089376449584961e+00
0.000000000000000000e+00
0.000000000000000000e+00
5.979801341891288757e-02
1.839408874511718750e-01
-1.780701041221618652e+00
3.114614486694335938e-01
-5.944974720478057861e-02
1.485764980316162109e-02
0.000000000000000000e+00
-1.695970296859741211e-01
0.000000000000000000e+00
0.000000000000000000e+00
0.000000000000000000e+00
0.000000000000000000e+00
-1.450559496879577637e-01
0.000000000000000000e+00
0.000000000000000000e+00
9.027755260467529297e-01
0.000000000000000000e+00
-3.563867807388305664e-01
0.000000000000000000e+00
1.401996612548828125e-02
0.000000000000000000e+00
-6.229238212108612061e-02
4.074335098266601562e-02
-2.728674411773681641e-01
0.000000000000000000e+00
-2.672889709472656250e+00
3.252110481262207031e-01
5.012717097997665405e-02
0.000000000000000000e+00
-2.296665310859680176e-01
1.056967258453369141e+00
0.000000000000000000e+00
7.361646741628646851e-02
0.000000000000000000e+00
0.000000000000000000e+00
2.677955627441406250e-01
-1.284681677818298340e+00
0.000000000000000000e+00
0.000000000000000000e+00
0.000000000000000000e+00
0.000000000000000000e+00
9.864110946655273438e-01
0.000000000000000000e+00
4.022998332977294922e+00
0.000000000000000000e+00
-5.087640285491943359e-01
6.203041076660156250e-01
0.000000000000000000e+00
0.000000000000000000e+00
0.000000000000000000e+00
2.010964900255203247e-01
0.000000000000000000e+00
0.000000000000000000e+00
0.000000000000000000e+00
2.353176707401871681e-03
0.000000000000000000e+00
-5.342317372560501099e-02
-6.015441417694091797e-01
4.027404785156250000e-01
0.000000000000000000e+00
0.000000000000000000e+00
6.225372850894927979e-02
2.903746366500854492e-01
7.675638794898986816e-02
0.000000000000000000e+00
3.744065761566162109e-02
4.291009306907653809e-01
0.000000000000000000e+00
-1.638175547122955322e-01
2.590398788452148438e-01
4.024937748908996582e-03
2.589364722371101379e-02
-3.181844949722290039e-02
0.000000000000000000e+00
5.709850788116455078e-01
0.000000000000000000e+00
3.052916377782821655e-02
-3.387995064258575439e-02
-5.063817501068115234e-01
0.000000000000000000e+00
0.000000000000000000e+00
-3.108112514019012451e-01
8.364629745483398438e-02
1.521964073181152344e-01
3.890842199325561523e-03
5.998134985566139221e-02
-2.172997295856475830e-01
-1.262083649635314941e+00
-4.923898261040449142e-03
0.000000000000000000e+00
-3.342691659927368164e-01
0.000000000000000000e+00
3.490431308746337891e-01
0.000000000000000000e+00
4.214315414428710938e-01
4.872273281216621399e-02
3.920100927352905273e-01
1.029293537139892578e+00
3.119039535522460938e-01
-9.674932062625885010e-02
1.989063620567321777e-02
-5.540609359741210938e-03
-1.478321075439453125e+00
5.044171810150146484e-01
1.727320998907089233e-01
0.000000000000000000e+00
-6.719989776611328125e-01
0.000000000000000000e+00
0.000000000000000000e+00
0.000000000000000000e+00
1.399337500333786011e-01
0.000000000000000000e+00
-9.722929447889328003e-03
2.018638849258422852e-01
0.000000000000000000e+00
0.000000000000000000e+00
-1.486872911453247070e+00
0.000000000000000000e+00
0.000000000000000000e+00
0.000000000000000000e+00
-6.608106195926666260e-03
-7.900951802730560303e-02
-8.053906261920928955e-03
0.000000000000000000e+00
3.030056953430175781e-01
-9.004899859428405762e-02
-3.335393965244293213e-02
1.089779973030090332e+00
0.000000000000000000e+00
-5.031028762459754944e-02
1.246479988098144531e+00
0.000000000000000000e+00
-2.745919227600097656e-01
-5.421590805053710938e-02
-1.026725489646196365e-02
0.000000000000000000e+00
0.000000000000000000e+00
9.235501289367675781e-02
0.000000000000000000e+00
1.162023067474365234e+00
0.000000000000000000e+00
6.823377311229705811e-02
0.000000000000000000e+00
0.000000000000000000e+00
0.000000000000000000e+00
5.972638260573148727e-03
1.187465339899063110e-01
0.000000000000000000e+00
0.000000000000000000e+00
1.281409263610839844e-01
3.695752620697021484e-01
6.526839733123779297e-01
3.904346376657485962e-02
0.000000000000000000e+00
-8.135330677032470703e-02
5.774199962615966797e-02
-1.304501667618751526e-02
-4.331880807876586914e-02
3.557543754577636719e-01
1.960149705410003662e-01
0.000000000000000000e+00
5.785338580608367920e-03
0.000000000000000000e+00
2.236604690551757812e-03
-5.110484361648559570e-02
0.000000000000000000e+00
3.041720390319824219e-01
0.000000000000000000e+00
0.000000000000000000e+00
0.000000000000000000e+00
0.000000000000000000e+00
0.000000000000000000e+00
-1.082074642181396484e-02
5.020313262939453125e-01
9.674925804138183594e-01
-1.735072135925292969e-01
1.048539161682128906e+00
1.321599483489990234e-01
0.000000000000000000e+00
-2.362691052258014679e-02
1.733885258436203003e-01
0.000000000000000000e+00
7.073675394058227539e-01
0.000000000000000000e+00
0.000000000000000000e+00
0.000000000000000000e+00
0.000000000000000000e+00
0.000000000000000000e+00
-4.469747841358184814e-02
0.000000000000000000e+00
-8.696945384144783020e-03
-1.166352778673171997e-01
4.931733384728431702e-02
0.000000000000000000e+00
2.463848590850830078e-01
0.000000000000000000e+00
-1.415613889694213867e-01
3.672312712296843529e-03
0.000000000000000000e+00
0.000000000000000000e+00
-1.834490299224853516e-01
0.000000000000000000e+00
0.000000000000000000e+00
-2.203603982925415039e-01
0.000000000000000000e+00
1.753058671951293945e+00
1.005799293518066406e+00
0.000000000000000000e+00
3.192210197448730469e-02
6.471920013427734375e-01
-3.644474595785140991e-02
5.841486528515815735e-02
1.048213839530944824e-01
0.000000000000000000e+00
7.226048503071069717e-03
0.000000000000000000e+00
-5.456776618957519531e-01
-2.200687117874622345e-02
-4.698907136917114258e-01
0.000000000000000000e+00
1.462394148111343384e-01
0.000000000000000000e+00
-4.460248947143554688e-01
-8.289842866361141205e-03
7.173490524291992188e-02
0.000000000000000000e+00
3.329634666442871094e-01
-1.133384704589843750e-01
0.000000000000000000e+00
2.470939010381698608e-01
4.665446281433105469e-02
0.000000000000000000e+00
2.082905033603310585e-03
0.000000000000000000e+00
7.889884710311889648e-02
-1.732625961303710938e-01
-1.707986183464527130e-02
-3.459071516990661621e-01
-1.428443670272827148e+00
1.574514657258987427e-01
1.515057533979415894e-01
-1.604930907487869263e-01
-5.385583639144897461e-02
0.000000000000000000e+00
7.016277313232421875e-02
0.000000000000000000e+00
0.000000000000000000e+00
0.000000000000000000e+00
4.302656650543212891e-01
-4.452475905418395996e-02
-3.614761233329772949e-01
0.000000000000000000e+00
-1.998093537986278534e-02
3.039949536323547363e-01
0.000000000000000000e+00
-1.007193326950073242e-01
5.500357225537300110e-02
3.087654113769531250e-01
0.000000000000000000e+00
1.489921808242797852e-01
0.000000000000000000e+00
5.737109184265136719e-01
-2.424724549055099487e-01
-1.281374692916870117e-01
2.650451660156250000e-02
0.000000000000000000e+00
3.255612850189208984e-01
0.000000000000000000e+00
4.160335063934326172e-01
4.150199890136718750e-02
0.000000000000000000e+00
-7.378833889961242676e-01
-2.875632643699645996e-01
7.883517444133758545e-02
7.642304897308349609e-02
0.000000000000000000e+00
-1.870617866516113281e-01
0.000000000000000000e+00
0.000000000000000000e+00
0.000000000000000000e+00
6.914840936660766602e-01
-4.524170756340026855e-01
0.000000000000000000e+00
1.753501296043395996e-01
5.625184774398803711e-01
1.039981484413146973e+00
-3.476419150829315186e-01
-8.304893970489501953e-03
0.000000000000000000e+00
0.000000000000000000e+00
-1.167570129036903381e-01
0.000000000000000000e+00
4.443430900573730469e-01
0.000000000000000000e+00
2.820162773132324219e-01
-2.583087384700775146e-01
0.000000000000000000e+00
0.000000000000000000e+00
0.000000000000000000e+00
-2.359431982040405273e-01
0.000000000000000000e+00
1.294158101081848145e-01
0.000000000000000000e+00
6.361155509948730469e-01
-4.416215419769287109e-02
0.000000000000000000e+00
0.000000000000000000e+00
0.000000000000000000e+00
0.000000000000000000e+00
0.000000000000000000e+00
0.000000000000000000e+00
0.000000000000000000e+00
2.915766835212707520e-01
0.000000000000000000e+00
5.763092041015625000e-01
2.402641773223876953e-01
-1.533666610717773438e+00
-5.218707490712404251e-03
5.917223691940307617e-01
0.000000000000000000e+00
2.658551931381225586e-02
1.585149765014648438e-02
0.000000000000000000e+00
-4.214200377464294434e-02
0.000000000000000000e+00
0.000000000000000000e+00
1.641798019409179688e-01
5.249740183353424072e-02
1.312497258186340332e-02
4.277964122593402863e-03
2.940477803349494934e-02
0.000000000000000000e+00
0.000000000000000000e+00
-7.589983940124511719e-02
9.385461807250976562e-01
-3.441505432128906250e-01
0.000000000000000000e+00
-8.959048986434936523e-02
0.000000000000000000e+00
0.000000000000000000e+00
9.239449501037597656e-01
3.064697086811065674e-01
2.920160889625549316e-01
-1.670975685119628906e-01
0.000000000000000000e+00
-2.113405764102935791e-01
5.319066047668457031e-01
3.730852603912353516e-01
1.226621568202972412e-01
-7.938179969787597656e-01
1.707713156938552856e-01
-4.788224697113037109e-01
1.060750484466552734e+00
1.013499498367309570e-01
0.000000000000000000e+00
8.285560607910156250e-01
4.304141998291015625e-01
-1.780099868774414062e-01
0.000000000000000000e+00
1.449496746063232422e-01
0.000000000000000000e+00
0.000000000000000000e+00
0.000000000000000000e+00
0.000000000000000000e+00
4.000241458415985107e-01
0.000000000000000000e+00
6.322047710418701172e-01
4.285359755158424377e-03
0.000000000000000000e+00
0.000000000000000000e+00
4.646687507629394531e-01
0.000000000000000000e+00
1.147291660308837891e-01
-1.007235288619995117e+00
-6.565964221954345703e-01
-1.636245548725128174e-01
2.925777435302734375e-01
-1.215515509247779846e-01
-2.660464262589812279e-03
5.006930232048034668e-02
-3.550098419189453125e+00
7.145538926124572754e-02
0.000000000000000000e+00
0.000000000000000000e+00
0.000000000000000000e+00
0.000000000000000000e+00
0.000000000000000000e+00
3.424399346113204956e-02
3.890430927276611328e-02
-4.685708507895469666e-02
-2.311782836914062500e-01
0.000000000000000000e+00
-1.557625830173492432e-01
5.678858757019042969e-01
2.028056420385837555e-03
-5.765346288681030273e-01
-5.263902246952056885e-02
0.000000000000000000e+00
0.000000000000000000e+00
6.465184688568115234e-02
-1.044117808341979980e-01
0.000000000000000000e+00
0.000000000000000000e+00
4.567413330078125000e-01
0.000000000000000000e+00
-7.646279335021972656e-01
-9.602715075016021729e-02
4.641639813780784607e-02
6.945499181747436523e-01
0.000000000000000000e+00
-2.921099662780761719e-01
0.000000000000000000e+00
0.000000000000000000e+00
-1.321654319763183594e-01
0.000000000000000000e+00
-4.856051802635192871e-01
-7.377870380878448486e-02
1.060837283730506897e-01
6.121916174888610840e-01
0.000000000000000000e+00
4.341306686401367188e-01
-2.139130532741546631e-01
-1.073427915573120117e+00
2.132437229156494141e-01
6.373643130064010620e-02
-6.215741634368896484e-01
-1.576464653015136719e+00
-1.021359443664550781e+00
0.000000000000000000e+00
0.000000000000000000e+00
1.920310556888580322e-01
0.000000000000000000e+00
-4.756261780858039856e-02
0.000000000000000000e+00
1.158242583274841309e+00
0.000000000000000000e+00
0.000000000000000000e+00
0.000000000000000000e+00
0.000000000000000000e+00
-2.925452589988708496e-01
2.861670255661010742e-01
-5.601863861083984375e-01
6.395781040191650391e-01
6.313109397888183594e-02
1.024765968322753906e-01
4.272079467773437500e-02
-3.962733745574951172e-01
-5.205957889556884766e-01
6.834745407104492188e-03
0.000000000000000000e+00
0.000000000000000000e+00
2.669358849525451660e-01
0.000000000000000000e+00
8.164322376251220703e-02
-2.236382961273193359e-01
0.000000000000000000e+00
0.000000000000000000e+00
2.557563781738281250e-02
0.000000000000000000e+00
0.000000000000000000e+00
-2.147483825683593750e-02
9.775899350643157959e-03
0.000000000000000000e+00
0.000000000000000000e+00
-1.301609724760055542e-02
-4.958625137805938721e-02
0.000000000000000000e+00
2.248294204473495483e-01
0.000000000000000000e+00
2.267700061202049255e-02
0.000000000000000000e+00
0.000000000000000000e+00
6.430425643920898438e-01
1.220580339431762695e-01
4.180302619934082031e+00
0.000000000000000000e+00
0.000000000000000000e+00
0.000000000000000000e+00
0.000000000000000000e+00
-5.095871537923812866e-02
0.000000000000000000e+00
1.439768671989440918e-01
0.000000000000000000e+00
-4.513363167643547058e-02
3.895547688007354736e-01
0.000000000000000000e+00
0.000000000000000000e+00
2.459463328123092651e-01
-4.226970672607421875e-02
-2.110041379928588867e-01
5.341306328773498535e-03
0.000000000000000000e+00
0.000000000000000000e+00
0.000000000000000000e+00
6.285705566406250000e-01
-8.689129352569580078e-02
2.284107208251953125e-01
-1.070595383644104004e-01
8.646113872528076172e-01
0.000000000000000000e+00
0.000000000000000000e+00
1.287636756896972656e-01
-2.878966331481933594e-01
8.451950550079345703e-02
-2.515197172760963440e-02
-3.466347455978393555e-01
-1.812019348144531250e-01
-4.948115348815917969e-02
2.630645036697387695e-01
1.955484747886657715e-01
3.735957443714141846e-01
0.000000000000000000e+00
0.000000000000000000e+00
-3.403192162513732910e-01
0.000000000000000000e+00
0.000000000000000000e+00
0.000000000000000000e+00
-1.617485284805297852e-01
4.062814265489578247e-02
0.000000000000000000e+00
7.996249198913574219e-01
0.000000000000000000e+00
0.000000000000000000e+00
2.208726406097412109e-01
2.176373004913330078e-01
-6.015341281890869141e-01
1.678343117237091064e-02
0.000000000000000000e+00
1.401105880737304688e+00
0.000000000000000000e+00
0.000000000000000000e+00
-1.767862588167190552e-01
0.000000000000000000e+00
7.955935597419738770e-02
8.096637725830078125e-01
0.000000000000000000e+00
5.118566378951072693e-02
0.000000000000000000e+00
0.000000000000000000e+00
6.223144531250000000e-01
1.705162048339843750e+00
7.662918567657470703e-01
1.005895510315895081e-01
-1.268100738525390625e-02
0.000000000000000000e+00
1.982890963554382324e-01
-3.966702893376350403e-02
-1.025463715195655823e-01
-1.862382739782333374e-01
-3.080022335052490234e-02
-1.384295970201492310e-01
0.000000000000000000e+00
1.468367874622344971e-01
0.000000000000000000e+00
3.323484063148498535e-01
-6.357085704803466797e-01
-8.914820849895477295e-02
0.000000000000000000e+00
4.210834503173828125e-01
0.000000000000000000e+00
-1.083022207021713257e-01
0.000000000000000000e+00
0.000000000000000000e+00
0.000000000000000000e+00
-2.536866664886474609e-01
1.593933820724487305e+00
4.692220687866210938e-01
3.258345723152160645e-01
4.129958152770996094e-02
0.000000000000000000e+00
3.410936594009399414e-01
0.000000000000000000e+00
6.774471998214721680e-01
1.271419972181320190e-01
-5.410628393292427063e-02
0.000000000000000000e+00
0.000000000000000000e+00
0.000000000000000000e+00
1.505680561065673828e+00
1.773891746997833252e-01
0.000000000000000000e+00
0.000000000000000000e+00
-6.602372229099273682e-02
0.000000000000000000e+00
4.643735885620117188e-01
0.000000000000000000e+00
7.066777944564819336e-01
2.944913506507873535e-02
4.378908276557922363e-01
6.623518466949462891e-01
1.218473538756370544e-03
2.308004349470138550e-02
-1.850539445877075195e-02
7.847506999969482422e-01
0.000000000000000000e+00
5.362189561128616333e-02
5.364824533462524414e-01
0.000000000000000000e+00
0.000000000000000000e+00
0.000000000000000000e+00
7.763776928186416626e-02
-4.449951648712158203e-02
1.464632153511047363e-02
0.000000000000000000e+00
-1.559310965240001678e-02
-2.197715938091278076e-01
-1.144940853118896484e-01
-5.208370089530944824e-01
1.759328842163085938e-01
0.000000000000000000e+00
-2.095598541200160980e-02
0.000000000000000000e+00
9.316141903400421143e-02
3.352391347289085388e-02
-3.996267318725585938e-01
0.000000000000000000e+00
1.032663858495652676e-03
0.000000000000000000e+00
-3.578531742095947266e-02
0.000000000000000000e+00
0.000000000000000000e+00
1.700752377510070801e-01
0.000000000000000000e+00
0.000000000000000000e+00
7.470393180847167969e-01
0.000000000000000000e+00
0.000000000000000000e+00
5.545735359191894531e-02
0.000000000000000000e+00
-1.166036128997802734e-01
1.195960044860839844e-01
0.000000000000000000e+00
0.000000000000000000e+00
0.000000000000000000e+00
-7.524884343147277832e-01
5.774811506271362305e-01
-2.004777193069458008e-01
8.850741386413574219e-02
7.568326592445373535e-02
1.369522511959075928e-01
2.336891889572143555e-01
-6.882071495056152344e-02
-1.529330611228942871e-01
0.000000000000000000e+00
3.111796379089355469e-01
-1.252562105655670166e-01
0.000000000000000000e+00
0.000000000000000000e+00
0.000000000000000000e+00
-1.617973670363426208e-02
-6.195332109928131104e-02
-1.683323383331298828e-01
0.000000000000000000e+00
2.079446315765380859e-01
0.000000000000000000e+00
0.000000000000000000e+00
1.781270503997802734e-01
-3.222520649433135986e-01
-2.435175180435180664e-01
3.303500413894653320e-01
-2.085982561111450195e-01
-5.641016960144042969e-01
0.000000000000000000e+00
-4.375468492507934570e-01
0.000000000000000000e+00
0.000000000000000000e+00
0.000000000000000000e+00
3.119456768035888672e-02
0.000000000000000000e+00
-8.521651476621627808e-02
0.000000000000000000e+00
6.171692609786987305e-01
-1.168413162231445312e-01
0.000000000000000000e+00
-1.933269500732421875e-01
4.996445495635271072e-03
-2.691198885440826416e-02
0.000000000000000000e+00
0.000000000000000000e+00
0.000000000000000000e+00
-2.932193279266357422e-01
-1.660621166229248047e-01
0.000000000000000000e+00
0.000000000000000000e+00
-2.443509250879287720e-01
-5.231995582580566406e-01
1.392031192779541016e+00
0.000000000000000000e+00
0.000000000000000000e+00
0.000000000000000000e+00
0.000000000000000000e+00
0.000000000000000000e+00
2.940461635589599609e-01
0.000000000000000000e+00
-9.382128715515136719e-03
0.000000000000000000e+00
-5.692416056990623474e-02
0.000000000000000000e+00
0.000000000000000000e+00
2.519106864929199219e-01
5.286521911621093750e-01
0.000000000000000000e+00
-2.079829931259155273e+00
6.264200061559677124e-02
1.988549232482910156e-01
-3.286571502685546875e-01
0.000000000000000000e+00
0.000000000000000000e+00
-1.636317372322082520e-01
0.000000000000000000e+00
9.324645996093750000e-02
6.309551000595092773e-02
-1.422378718852996826e-01
0.000000000000000000e+00
0.000000000000000000e+00
0.000000000000000000e+00
0.000000000000000000e+00
1.509973704814910889e-01
1.752998828887939453e-01
0.000000000000000000e+00
-1.386395543813705444e-01
4.967169463634490967e-02
-6.202273070812225342e-02
3.741657733917236328e-02
0.000000000000000000e+00
0.000000000000000000e+00
-4.216010570526123047e-01
0.000000000000000000e+00
1.093025207519531250e-01
1.315283626317977905e-01
0.000000000000000000e+00
5.803439021110534668e-02
1.791321784257888794e-01
2.906716242432594299e-02
1.618136912584304810e-01
6.194261834025382996e-02
4.506920650601387024e-02
7.176856994628906250e-01
0.000000000000000000e+00
3.511072397232055664e-01
5.542920827865600586e-01
-3.504655789583921432e-03
2.650815844535827637e-01
-5.446017533540725708e-02
0.000000000000000000e+00
-1.945899799466133118e-02
0.000000000000000000e+00
0.000000000000000000e+00
0.000000000000000000e+00
1.758306026458740234e-01
3.851138055324554443e-03
0.000000000000000000e+00
-1.753508299589157104e-02
0.000000000000000000e+00
8.348525762557983398e-01
9.213286638259887695e-02
0.000000000000000000e+00
0.000000000000000000e+00
-8.839435875415802002e-02
4.687013626098632812e-01
1.373126506805419922e-01
1.464467197656631470e-01
0.000000000000000000e+00
-1.889705657958984375e-01
-3.599023818969726562e-02
-4.496473073959350586e-01
-1.432606875896453857e-01
2.821373939514160156e-02
2.719449996948242188e-01
9.944407939910888672e-01
0.000000000000000000e+00
3.868330121040344238e-01
0.000000000000000000e+00
1.117195129394531250e+00
0.000000000000000000e+00
0.000000000000000000e+00
0.000000000000000000e+00
1.240075379610061646e-01
2.293038368225097656e-02
5.423547029495239258e-01
2.069390937685966492e-02
0.000000000000000000e+00
0.000000000000000000e+00
2.946240901947021484e-01
-4.463385418057441711e-02
0.000000000000000000e+00
0.000000000000000000e+00
-1.266961991786956787e-01
0.000000000000000000e+00
4.391693323850631714e-02
0.000000000000000000e+00
0.000000000000000000e+00
2.012743949890136719e-01
0.000000000000000000e+00
-2.326792478561401367e-01
0.000000000000000000e+00
-2.447663307189941406e+00
1.807001590728759766e+00
1.395801067352294922e+00
-4.247694909572601318e-01
0.000000000000000000e+00
4.060672968626022339e-02
-4.153279066085815430e-01
2.897458970546722412e-01
-1.896868348121643066e-01
0.000000000000000000e+00
0.000000000000000000e+00
0.000000000000000000e+00
0.000000000000000000e+00
-1.437007337808609009e-01
2.704688906669616699e-01
0.000000000000000000e+00
0.000000000000000000e+00
0.000000000000000000e+00
0.000000000000000000e+00
4.831309914588928223e-01
-4.336029663681983948e-02
2.447870969772338867e-01
1.436592489480972290e-01
0.000000000000000000e+00
2.865926623344421387e-01
4.751699790358543396e-02
0.000000000000000000e+00
0.000000000000000000e+00
-1.066525578498840332e-01
0.000000000000000000e+00
0.000000000000000000e+00
0.000000000000000000e+00
0.000000000000000000e+00
-2.497886270284652710e-01
-1.245716214179992676e-01
7.762804031372070312e-01
6.866190433502197266e-01
0.000000000000000000e+00
-5.224208235740661621e-01
-1.299338638782501221e-01
0.000000000000000000e+00
0.000000000000000000e+00
1.983804702758789062e-01
-1.197098270058631897e-01
-1.774399280548095703e-01
-1.713371276855468750e-02
6.382346153259277344e-01
0.000000000000000000e+00
-1.976704597473144531e-02
1.540688753128051758e+00
0.000000000000000000e+00
0.000000000000000000e+00
-2.944416925311088562e-02
5.067810416221618652e-02
9.062996506690979004e-02
0.000000000000000000e+00
0.000000000000000000e+00
6.187620162963867188e-01
1.743794977664947510e-01
-1.123826503753662109e-01
0.000000000000000000e+00
-1.969539374113082886e-01
0.000000000000000000e+00
-7.656142711639404297e-01
6.974257230758666992e-01
-1.147073600441217422e-02
1.550249159336090088e-01
-5.740635469555854797e-02
0.000000000000000000e+00
3.683613777160644531e+00
4.447519779205322266e-01
0.000000000000000000e+00
-3.305073082447052002e-02
3.191919326782226562e-01
5.261092185974121094e-01
-1.710771322250366211e-01
2.960749864578247070e-01
0.000000000000000000e+00
-6.223405897617340088e-02
2.576152607798576355e-02
0.000000000000000000e+00
-5.483930110931396484e-01
2.399520874023437500e-01
3.948652744293212891e-01
1.501390337944030762e-01
2.563278079032897949e-01
0.000000000000000000e+00
0.000000000000000000e+00
0.000000000000000000e+00
0.000000000000000000e+00
-3.103722631931304932e-02
-3.109002113342285156e-02
8.741950988769531250e-02
0.000000000000000000e+00
-1.880385726690292358e-02
0.000000000000000000e+00
0.000000000000000000e+00
1.041023582220077515e-01
0.000000000000000000e+00
-3.272456675767898560e-02
0.000000000000000000e+00
-4.689021967351436615e-03
0.000000000000000000e+00
4.803355783224105835e-03
0.000000000000000000e+00
7.202720642089843750e-02
3.526666462421417236e-01
0.000000000000000000e+00
-3.886693418025970459e-01
0.000000000000000000e+00
2.842702344059944153e-02
1.413049936294555664e+00
0.000000000000000000e+00
-2.477069497108459473e-01
1.452740281820297241e-01
-3.407355248928070068e-01
0.000000000000000000e+00
0.000000000000000000e+00
0.000000000000000000e+00
0.000000000000000000e+00
0.000000000000000000e+00
0.000000000000000000e+00
0.000000000000000000e+00
0.000000000000000000e+00
1.704419970512390137e+00
1.248677819967269897e-02
-9.561797976493835449e-02
0.000000000000000000e+00
-5.669425427913665771e-02
0.000000000000000000e+00
4.494462907314300537e-01
6.477957963943481445e-02
-5.547770857810974121e-02
0.000000000000000000e+00
-1.045737266540527344e-01
0.000000000000000000e+00
3.265566825866699219e-01
2.019724547863006592e-01
0.000000000000000000e+00
0.000000000000000000e+00
0.000000000000000000e+00
0.000000000000000000e+00
0.000000000000000000e+00
0.000000000000000000e+00
0.000000000000000000e+00
3.273751586675643921e-02
3.103438615798950195e-01
7.565685361623764038e-02
0.000000000000000000e+00
-9.840817004442214966e-02
9.704950451850891113e-02
8.811614513397216797e-01
1.675424873828887939e-01
4.234328866004943848e-01
-7.441124916076660156e-01
0.000000000000000000e+00
0.000000000000000000e+00
0.000000000000000000e+00
-9.471082687377929688e-01
-1.106064841151237488e-01
0.000000000000000000e+00
0.000000000000000000e+00
-1.289108991622924805e-01
0.000000000000000000e+00
4.332613945007324219e-02
0.000000000000000000e+00
2.106027603149414062e+00
9.192623198032379150e-02
1.830443143844604492e-01
-9.900795221328735352e-01
0.000000000000000000e+00
-1.667733788490295410e-01
0.000000000000000000e+00
-1.941089928150177002e-01
1.497903466224670410e-01
0.000000000000000000e+00
0.000000000000000000e+00
0.000000000000000000e+00
0.000000000000000000e+00
0.000000000000000000e+00
-2.913816571235656738e-01
0.000000000000000000e+00
7.484734058380126953e-03
-1.224816739559173584e-01
-4.880721569061279297e+00
0.000000000000000000e+00
4.190404415130615234e-01
2.870750427246093750e-02
0.000000000000000000e+00
9.103298187255859375e-03
3.722032308578491211e-01
0.000000000000000000e+00
0.000000000000000000e+00
0.000000000000000000e+00
0.000000000000000000e+00
-8.463715016841888428e-02
7.141893357038497925e-02
0.000000000000000000e+00
-2.291269302368164062e-01
-9.692123532295227051e-02
-2.131983935832977295e-01
0.000000000000000000e+00
2.625050023198127747e-02
1.131057739257812500e-01
1.683773040771484375e+00
1.903265267610549927e-01
0.000000000000000000e+00
0.000000000000000000e+00
-5.728227496147155762e-01
3.508811118081212044e-03
0.000000000000000000e+00
-1.252660036087036133e+00
1.553440093994140625e-02
6.987924575805664062e-01
0.000000000000000000e+00
-9.821122512221336365e-03
3.186125755310058594e-01
0.000000000000000000e+00
1.072058677673339844e-01
0.000000000000000000e+00
1.455952972173690796e-02
0.000000000000000000e+00
-1.126930713653564453e-01
0.000000000000000000e+00
0.000000000000000000e+00
0.000000000000000000e+00
2.906236648559570312e-01
-1.185395568609237671e-02
-3.004074096679687500e-03
3.521308898925781250e-01
4.912243485450744629e-01
-4.931567907333374023e-01
1.287270188331604004e-01
-3.061003684997558594e-01
0.000000000000000000e+00
4.208686947822570801e-02
-2.491758018732070923e-02
3.006357550621032715e-01
7.733555138111114502e-02
0.000000000000000000e+00
0.000000000000000000e+00
4.155138015747070312e+00
1.306547224521636963e-02
5.100960731506347656e-01
1.037349700927734375e-01
-2.671537399291992188e+00
0.000000000000000000e+00
0.000000000000000000e+00
-4.277014732360839844e-01
-8.906471729278564453e-02
-5.454376935958862305e-01
-1.062699034810066223e-02
0.000000000000000000e+00
6.408190727233886719e-01
2.840863466262817383e-01
-1.261037588119506836e-02
-2.056402117013931274e-01
1.359328441321849823e-02
-1.035743430256843567e-01
1.547882556915283203e-01
1.007781505584716797e+00
0.000000000000000000e+00
0.000000000000000000e+00
-1.177578568458557129e+00
-4.062997817993164062e+00
-8.294677734375000000e-02
-3.118860721588134766e-01
-4.079060852527618408e-01
1.096622943878173828e+00
0.000000000000000000e+00
0.000000000000000000e+00
-2.692675590515136719e-01
2.063131332397460938e-01
4.703783988952636719e-02
8.360109329223632812e-01
1.751744002103805542e-02
0.000000000000000000e+00
0.000000000000000000e+00
0.000000000000000000e+00
-6.142218112945556641e-01
3.956751227378845215e-01
0.000000000000000000e+00
1.300697401165962219e-02
1.097590178251266479e-01
0.000000000000000000e+00
0.000000000000000000e+00
2.658419609069824219e-01
0.000000000000000000e+00
-3.013181686401367188e-01
0.000000000000000000e+00
-4.253473281860351562e-01
-1.486616134643554688e-01
-1.027856394648551941e-01
8.911889791488647461e-02
0.000000000000000000e+00
5.877885818481445312e-01
0.000000000000000000e+00
-1.227689862251281738e+00
-1.766468286514282227e-01
0.000000000000000000e+00
-2.816855430603027344e+00
9.344117641448974609e-01
0.000000000000000000e+00
9.548956155776977539e-02
-5.408135056495666504e-02
8.410420417785644531e-01
0.000000000000000000e+00
3.154296875000000000e-01
0.000000000000000000e+00
-6.624323874711990356e-02
0.000000000000000000e+00
5.133900642395019531e-01
0.000000000000000000e+00
-1.804975271224975586e-01
-5.059251785278320312e-01
2.685490436851978302e-02
0.000000000000000000e+00
1.103287696838378906e+00
-5.369186401367187500e-04
-5.636132955551147461e-01
4.711723327636718750e-01
-1.580436900258064270e-02
2.171885967254638672e-02
0.000000000000000000e+00
0.000000000000000000e+00
0.000000000000000000e+00
3.281980380415916443e-02
7.749698706902563572e-04
0.000000000000000000e+00
-1.340982556343078613e+00
-6.409056663513183594e+00
0.000000000000000000e+00
-7.403278350830078125e-02
0.000000000000000000e+00
-4.483593627810478210e-02
5.397956371307373047e-01
2.564586997032165527e-01
0.000000000000000000e+00
3.270581737160682678e-02
0.000000000000000000e+00
0.000000000000000000e+00
-4.400613903999328613e-02
5.841908603906631470e-02
-3.831472992897033691e-02
-8.030128479003906250e-02
1.776960343122482300e-01
0.000000000000000000e+00
0.000000000000000000e+00
1.073867678642272949e+00
0.000000000000000000e+00
0.000000000000000000e+00
0.000000000000000000e+00
0.000000000000000000e+00
0.000000000000000000e+00
0.000000000000000000e+00
0.000000000000000000e+00
4.725123643875122070e-01
0.000000000000000000e+00
4.733538627624511719e-02
4.047427177429199219e-01
9.606023877859115601e-02
-8.147396147251129150e-02
4.836794734001159668e-02
0.000000000000000000e+00
0.000000000000000000e+00
0.000000000000000000e+00
-5.586057528853416443e-02
1.623092591762542725e-01
-1.787911653518676758e-01
0.000000000000000000e+00
0.000000000000000000e+00
-5.800881385803222656e-01
-4.049209505319595337e-02
2.660295963287353516e-01
0.000000000000000000e+00
3.416917324066162109e-01
-5.694064497947692871e-02
-8.456218987703323364e-03
3.539439439773559570e-01
8.251690268516540527e-01
1.046312041580677032e-02
0.000000000000000000e+00
0.000000000000000000e+00
-6.103906631469726562e-01
-6.531429290771484375e-01
-3.369778767228126526e-02
0.000000000000000000e+00
-3.424737453460693359e-01
3.114008903503417969e-02
-2.371599152684211731e-02
-1.700952529907226562e+00
0.000000000000000000e+00
-1.194687783718109131e-01
6.255400180816650391e-02
0.000000000000000000e+00
4.458382129669189453e-01
-1.198184490203857422e-01
0.000000000000000000e+00
-3.508358001708984375e-01
-5.185408592224121094e-01
0.000000000000000000e+00
-7.739785313606262207e-02
0.000000000000000000e+00
0.000000000000000000e+00
-6.810609251260757446e-03
0.000000000000000000e+00
-1.085406541824340820e-01
3.361682593822479248e-02
0.000000000000000000e+00
-1.897946596145629883e-01
0.000000000000000000e+00
1.030878126621246338e-01
0.000000000000000000e+00
-8.139216899871826172e-02
0.000000000000000000e+00
0.000000000000000000e+00
0.000000000000000000e+00
1.120622158050537109e-01
0.000000000000000000e+00
4.663059487938880920e-02
3.076504170894622803e-02
0.000000000000000000e+00
1.269085705280303955e-01
2.313711643218994141e-01
-3.396751880645751953e-01
-1.082856059074401855e-01
8.378127962350845337e-02
3.679354786872863770e-01
0.000000000000000000e+00
0.000000000000000000e+00
-2.220029830932617188e-01
0.000000000000000000e+00
-1.183640211820602417e-01
0.000000000000000000e+00
2.789173126220703125e-01
-3.196976780891418457e-01
5.759617686271667480e-02
5.450591444969177246e-03
0.000000000000000000e+00
0.000000000000000000e+00
0.000000000000000000e+00
3.190098106861114502e-01
3.947856426239013672e-01
0.000000000000000000e+00
8.687746524810791016e-02
0.000000000000000000e+00
0.000000000000000000e+00
0.000000000000000000e+00
-5.874788761138916016e-02
0.000000000000000000e+00
7.150871753692626953e-01
0.000000000000000000e+00
7.024989128112792969e-01
-3.756065368652343750e-01
1.009919792413711548e-01
2.974954843521118164e-01
0.000000000000000000e+00
7.414741516113281250e-01
1.752578318119049072e-01
0.000000000000000000e+00
1.078738924115896225e-02
1.338848829269409180e+00
-9.625689983367919922e-01
0.000000000000000000e+00
0.000000000000000000e+00
0.000000000000000000e+00
-4.102597832679748535e-01
0.000000000000000000e+00
9.738492965698242188e-02
0.000000000000000000e+00
-5.314972400665283203e-01
3.705050945281982422e-01
6.198279559612274170e-03
-1.098405122756958008e-01
0.000000000000000000e+00
4.453272819519042969e-01
1.266474723815917969e-01
0.000000000000000000e+00
-2.375203371047973633e-02
6.710529327392578125e-01
4.269520938396453857e-01
1.075123786926269531e+00
0.000000000000000000e+00
0.000000000000000000e+00
0.000000000000000000e+00
5.379705429077148438e-01
0.000000000000000000e+00
1.177873969078063965e+00
-9.146898984909057617e-02
0.000000000000000000e+00
-1.086972951889038086e-01
5.274538993835449219e-01
1.109989643096923828e+00
0.000000000000000000e+00
0.000000000000000000e+00
0.000000000000000000e+00
0.000000000000000000e+00
0.000000000000000000e+00
0.000000000000000000e+00
0.000000000000000000e+00
-6.105716526508331299e-02
0.000000000000000000e+00
9.631705284118652344e-02
6.254386901855468750e-01
0.000000000000000000e+00
1.717283725738525391e-01
3.101114332675933838e-01
-7.302349805831909180e-02
-2.217709064483642578e+00
0.000000000000000000e+00
0.000000000000000000e+00
-4.552220180630683899e-02
-3.069291263818740845e-02
5.748598575592041016e-01
2.286855578422546387e-01
-7.404667139053344727e-02
-6.642985343933105469e-02
1.582150459289550781e-01
0.000000000000000000e+00
2.850136756896972656e-01
-4.617605358362197876e-02
-1.969232082366943359e+00
3.654575347900390625e-02
9.827017784118652344e-04
2.403410524129867554e-02
2.801492512226104736e-01
-5.904752016067504883e-02
-2.784211561083793640e-02
0.000000000000000000e+00
0.000000000000000000e+00
0.000000000000000000e+00
1.506378650665283203e-01
2.596758604049682617e-01
0.000000000000000000e+00
0.000000000000000000e+00
-9.252420067787170410e-01
0.000000000000000000e+00
0.000000000000000000e+00
0.000000000000000000e+00
8.681628704071044922e-01
0.000000000000000000e+00
2.107271254062652588e-01
0.000000000000000000e+00
7.053697109222412109e-02
0.000000000000000000e+00
0.000000000000000000e+00
1.062388420104980469e-01
-2.065447568893432617e-01
1.418243169784545898e+00
0.000000000000000000e+00
0.000000000000000000e+00
6.019077301025390625e-01
9.912289381027221680e-01
0.000000000000000000e+00
-7.812367379665374756e-02
-6.467718482017517090e-01
0.000000000000000000e+00
8.185391128063201904e-02
-2.600073814392089844e-02
1.713589191436767578e+00
3.053278923034667969e-01
0.000000000000000000e+00
0.000000000000000000e+00
0.000000000000000000e+00
-1.369908824563026428e-02
0.000000000000000000e+00
1.375662088394165039e-01
0.000000000000000000e+00
0.000000000000000000e+00
4.813722148537635803e-02
-9.999742507934570312e-01
-3.462325334548950195e-01
1.596560329198837280e-02
0.000000000000000000e+00
0.000000000000000000e+00
6.379514932632446289e-01
-3.953337669372558594e-01
5.698609352111816406e-02
-4.466994702816009521e-01
0.000000000000000000e+00
0.000000000000000000e+00
0.000000000000000000e+00
-3.101884126663208008e-01
0.000000000000000000e+00
-4.793437719345092773e-01
-2.634509205818176270e-01
9.031678736209869385e-02
-7.045120000839233398e-02
0.000000000000000000e+00
-1.683548688888549805e-01
0.000000000000000000e+00
1.444866180419921875e+00
0.000000000000000000e+00
-2.302399277687072754e-01
0.000000000000000000e+00
1.643009185791015625e-01
0.000000000000000000e+00
-1.308481767773628235e-02
1.173993110656738281e+00
0.000000000000000000e+00
2.917609214782714844e-01
-2.164090275764465332e-01
3.634330332279205322e-01
2.050012350082397461e-02
2.400249838829040527e-01
-5.277460813522338867e-02
1.628311574459075928e-01
8.850850164890289307e-02
-2.941825389862060547e-01
0.000000000000000000e+00
0.000000000000000000e+00
2.151759862899780273e-01
8.610975742340087891e-02
-1.318498104810714722e-01
-1.053299009799957275e-01
-4.419660568237304688e-01
4.054244607686996460e-02
-2.964532375335693359e-01
2.152061462402343750e-02
0.000000000000000000e+00
7.147203683853149414e-01
2.190755307674407959e-02
-4.663071632385253906e-01
-1.762003898620605469e-01
-8.016815185546875000e-01
3.611440658569335938e-01
0.000000000000000000e+00
2.337083816528320312e-01
-1.057022660970687866e-01
0.000000000000000000e+00
2.146649360656738281e-01
0.000000000000000000e+00
0.000000000000000000e+00
-8.209757804870605469e-01
6.855876445770263672e-01
-9.429693222045898438e-01
1.238520890474319458e-01
-1.245360076427459717e-01
1.527098417282104492e-01
0.000000000000000000e+00
0.000000000000000000e+00
0.000000000000000000e+00
0.000000000000000000e+00
0.000000000000000000e+00
1.470572948455810547e-01
-1.476142168045043945e+00
0.000000000000000000e+00
-9.588944911956787109e-02
0.000000000000000000e+00
0.000000000000000000e+00
-9.994554519653320312e-01
0.000000000000000000e+00
1.495731472969055176e-01
6.968529224395751953e-01
1.338912174105644226e-02
-4.119604453444480896e-02
0.000000000000000000e+00
3.928122520446777344e-01
-2.800908088684082031e-01
0.000000000000000000e+00
-4.010915756225585938e-01
2.186529189348220825e-01
0.000000000000000000e+00
3.228402137756347656e-02
0.000000000000000000e+00
0.000000000000000000e+00
2.269323766231536865e-01
1.257447004318237305e-01
4.520961046218872070e-01
0.000000000000000000e+00
5.105388164520263672e-02
2.357616424560546875e-01
0.000000000000000000e+00
-8.058273792266845703e-02
2.684724926948547363e-01
0.000000000000000000e+00
1.587858796119689941e-01
0.000000000000000000e+00
0.000000000000000000e+00
0.000000000000000000e+00
0.000000000000000000e+00
8.871003985404968262e-02
1.296329498291015625e-02
-1.139938831329345703e-03
0.000000000000000000e+00
0.000000000000000000e+00
-7.939954400062561035e-01
1.419219970703125000e-01
-1.485619246959686279e-01
1.849994622170925140e-02
0.000000000000000000e+00
0.000000000000000000e+00
-1.253429800271987915e-01
-5.538176298141479492e-01
0.000000000000000000e+00
0.000000000000000000e+00
1.746376156806945801e-01
3.231960535049438477e-01
-9.640187025070190430e-03
4.678049683570861816e-01
0.000000000000000000e+00
-1.293697655200958252e-01
-2.529440075159072876e-02
6.564612388610839844e-01
2.292104363441467285e-01
0.000000000000000000e+00
-1.689999103546142578e-01
-4.743132591247558594e-01
5.729988813400268555e-01
-3.287734091281890869e-02
0.000000000000000000e+00
-4.162197411060333252e-01
2.174141556024551392e-01
-1.820310950279235840e-02
0.000000000000000000e+00
-1.852497220039367676e+00
-1.074149012565612793e-01
0.000000000000000000e+00
5.488227009773254395e-01
1.274328231811523438e-01
0.000000000000000000e+00
0.000000000000000000e+00
-8.519604206085205078e-01
-7.040423154830932617e-01
-7.897214889526367188e+00
-1.162411272525787354e-01
-4.955759271979331970e-02
6.607611179351806641e-01
-6.227493286132812500e-03
0.000000000000000000e+00
2.363662719726562500e-01
0.000000000000000000e+00
5.160942077636718750e-01
0.000000000000000000e+00
9.559392929077148438e-03
3.713750839233398438e-02
-8.935391902923583984e-03
9.046476334333419800e-03
-1.308357715606689453e-01
0.000000000000000000e+00
2.342687845230102539e-01
6.724954843521118164e-01
0.000000000000000000e+00
0.000000000000000000e+00
2.254497051239013672e+00
5.060701370239257812e-01
7.125120162963867188e-01
0.000000000000000000e+00
0.000000000000000000e+00
0.000000000000000000e+00
0.000000000000000000e+00
5.829880833625793457e-01
-2.769497409462928772e-02
4.881171584129333496e-01
0.000000000000000000e+00
1.534987473860383034e-03
0.000000000000000000e+00
-5.507161617279052734e-01
-1.804825067520141602e-01
0.000000000000000000e+00
0.000000000000000000e+00
3.507854416966438293e-02
0.000000000000000000e+00
0.000000000000000000e+00
0.000000000000000000e+00
3.073339909315109253e-02
-1.341403722763061523e-01
0.000000000000000000e+00
8.652150630950927734e-02
-1.213473081588745117e-01
2.070701122283935547e-01
0.000000000000000000e+00
4.227554798126220703e-01
-7.537496089935302734e-02
-2.479398250579833984e-02
0.000000000000000000e+00
-6.538677215576171875e-02
-1.339688897132873535e-01
5.600547790527343750e-02
0.000000000000000000e+00
1.666877746582031250e+00
1.836986541748046875e-01
1.448719501495361328e-01
0.000000000000000000e+00
-2.261176109313964844e+00
-1.426805019378662109e+00
3.118036985397338867e-01
0.000000000000000000e+00
0.000000000000000000e+00
0.000000000000000000e+00
0.000000000000000000e+00
0.000000000000000000e+00
0.000000000000000000e+00
-6.195753812789916992e-02
-8.129727840423583984e-02
7.024496197700500488e-01
-1.898354291915893555e-01
-3.400269031524658203e+00
4.279648065567016602e-01
1.107573509216308594e-03
1.048107445240020752e-01
3.847882747650146484e-01
4.318809509277343750e-01
3.671481609344482422e-01
-2.278539836406707764e-01
0.000000000000000000e+00
1.024347424507141113e+00
1.298782825469970703e-01
7.887601852416992188e-02
0.000000000000000000e+00
6.521887779235839844e-01
0.000000000000000000e+00
0.000000000000000000e+00
0.000000000000000000e+00
0.000000000000000000e+00
8.815094232559204102e-01
4.205355793237686157e-02
2.474384903907775879e-01
-1.492669805884361267e-02
1.988799124956130981e-01
0.000000000000000000e+00
0.000000000000000000e+00
0.000000000000000000e+00
5.729246884584426880e-02
-1.638376563787460327e-01
-1.070206984877586365e-02
-6.933861225843429565e-02
0.000000000000000000e+00
0.000000000000000000e+00
5.899399984627962112e-03
1.673067808151245117e-01
1.390601694583892822e-01
1.404521912336349487e-01
0.000000000000000000e+00
2.900843322277069092e-02
4.223104193806648254e-02
0.000000000000000000e+00
0.000000000000000000e+00
-4.558348655700683594e-02
2.650189995765686035e-01
0.000000000000000000e+00
-2.249668836593627930e-01
7.448873519897460938e-01
4.073167219758033752e-02
6.009159088134765625e-01
5.235083103179931641e+00
0.000000000000000000e+00
0.000000000000000000e+00
5.098094940185546875e-01
5.617877840995788574e-02
1.089498102664947510e-01
0.000000000000000000e+00
8.195118047297000885e-03
1.842598915100097656e-01
-3.871731758117675781e-01
-1.759685575962066650e-02
1.097947955131530762e-01
1.313930302858352661e-01
-2.230653762817382812e-01
-6.285449266433715820e-01
7.041811943054199219e-01
0.000000000000000000e+00
-8.684641122817993164e-02
0.000000000000000000e+00
0.000000000000000000e+00
1.002190589904785156e+00
2.356185913085937500e-01
1.133868247270584106e-01
-5.602807179093360901e-02
0.000000000000000000e+00
-1.074321195483207703e-01
0.000000000000000000e+00
1.289787292480468750e+00
-1.664043962955474854e-01
-5.448360443115234375e-01
0.000000000000000000e+00
1.521563995629549026e-02
3.236973583698272705e-01
-5.566419288516044617e-02
-2.434528321027755737e-01
0.000000000000000000e+00
6.473197937011718750e-01
2.080434799194335938e+00
0.000000000000000000e+00
